Restoring of melody associated data has finished!
Restoring of intro and interlude associated data has finished!
Restoring of chord associated data has finished!
Restoring of bass associated data has finished!
Restoring of piano_guitar associated data has finished!
Restoring of string associated data has finished!
Restoring of fill associated data has finished!
平均音高的十个中心点分别为: array([64.5274 , 68.88931, 71.59106, 73.43156, 75.04601, 76.59607,
       78.07177, 79.70886, 81.50549, 84.96061], dtype=float32)
第1次生成开始: 主旋律开始的组合编码是1, 组合为[79, 0, 0, 0, 0, 0, 0, 0]
在第48个pattern, 主旋律第00次打回,收束不符合要求, 最后四拍音符为[74, 0, 0, 0, 76, 0, 0, 0, 74, 0, 0, 0, 72, 0, 0, 0, 69, 0, 0, 0, 0, 0, 0, 0, 0, 0, 0, 0, 0, 0, 0, 0]
在第48个pattern, 主旋律第01次打回,收束不符合要求, 最后四拍音符为[67, 0, 0, 0, 0, 0, 0, 0, 64, 0, 0, 0, 0, 0, 0, 0, 65, 0, 0, 0, 0, 0, 0, 0, 67, 0, 0, 0, 0, 0, 0, 0]
在第48个pattern, 主旋律第02次打回,收束不符合要求, 最后四拍音符为[76, 0, 0, 0, 0, 0, 0, 0, 74, 0, 0, 0, 0, 0, 0, 0, 0, 0, 0, 0, 0, 0, 0, 0, 74, 0, 0, 0, 0, 0, 0, 0]
在第48个pattern, 主旋律第03次打回,收束不符合要求, 最后四拍音符为[76, 0, 0, 0, 0, 0, 0, 0, 72, 0, 0, 0, 0, 0, 0, 0, 79, 0, 0, 0, 0, 0, 0, 0, 79, 0, 0, 0, 0, 0, 0, 0]
在第48个pattern, 主旋律第04次打回,收束不符合要求, 最后四拍音符为[81, 0, 0, 0, 0, 0, 0, 0, 79, 0, 0, 0, 0, 0, 0, 0, 81, 0, 0, 0, 0, 0, 0, 0, 76, 0, 0, 0, 0, 0, 0, 0]
在第48个pattern, 主旋律第05次打回,收束不符合要求, 最后四拍音符为[76, 0, 0, 0, 0, 0, 0, 0, 67, 0, 0, 0, 0, 0, 0, 0, 0, 0, 0, 0, 0, 0, 0, 0, 64, 0, 0, 0, 0, 0, 0, 0]
在第48个pattern, 主旋律第06次打回,收束不符合要求, 最后四拍音符为[74, 0, 0, 0, 0, 0, 0, 0, 0, 0, 0, 0, 72, 0, 0, 0, 74, 0, 0, 0, 0, 0, 76, 0, 74, 0, 0, 0, 0, 0, 0, 0]
主旋律的输出:[79, 0, 0, 0, 0, 0, 0, 0, 76, 0, 0, 0, 79, 0, 0, 0, 81, 0, 0, 0, 84, 0, 0, 0, 81, 0, 0, 0, 0, 0, 0, 0, 79, 0, 0, 0, 0, 0, 0, 0, 83, 0, 0, 0, 0, 0, 81, 0, 81, 0, 0, 0, 81, 0, 0, 0, 81, 0, 0, 0, 79, 0, 0, 0, 72, 0, 0, 0, 0, 0, 0, 0, 79, 0, 0, 0, 76, 0, 0, 0, 72, 0, 0, 0, 0, 0, 0, 0, 0, 0, 0, 0, 0, 0, 0, 0, 79, 0, 0, 0, 0, 0, 0, 0, 0, 0, 0, 0, 0, 0, 0, 0, 76, 0, 0, 0, 0, 0, 0, 0, 74, 0, 0, 0, 72, 0, 0, 0, 67, 0, 0, 0, 0, 0, 0, 0, 76, 0, 0, 0, 0, 0, 0, 0, 0, 0, 0, 0, 0, 0, 0, 0, 69, 0, 0, 0, 0, 0, 0, 0, 76, 0, 0, 0, 0, 0, 0, 0, 76, 0, 0, 0, 74, 0, 0, 0, 72, 0, 0, 0, 0, 0, 0, 0, 0, 0, 0, 0, 0, 0, 0, 0, 74, 0, 0, 0, 0, 0, 0, 0, 76, 0, 0, 0, 74, 0, 0, 0, 79, 0, 0, 0, 0, 0, 0, 0, 79, 0, 0, 0, 0, 0, 0, 0, 76, 0, 0, 0, 0, 0, 0, 0, 79, 0, 0, 0, 0, 0, 0, 0, 76, 0, 0, 0, 0, 0, 0, 0, 0, 0, 0, 0, 0, 0, 0, 0, 67, 0, 0, 0, 0, 0, 0, 0, 0, 0, 0, 0, 0, 0, 0, 0, 69, 0, 0, 0, 0, 0, 0, 0, 0, 0, 0, 0, 0, 0, 0, 0, 74, 0, 0, 0, 0, 0, 0, 0, 69, 0, 0, 0, 0, 0, 0, 0, 76, 0, 0, 0, 0, 0, 0, 0, 74, 0, 0, 0, 0, 0, 0, 0, 0, 0, 0, 0, 0, 0, 0, 0, 72, 0, 0, 0, 0, 0, 0, 0, 0, 0, 0, 0, 0, 0, 0, 0, 72, 0, 0, 0, 72, 0, 0, 0, 76, 0, 0, 0, 0, 0, 0, 0, 72, 0, 0, 0, 0, 0, 0, 0, 72, 0, 0, 0, 0, 0, 0, 0, 72, 0, 0, 0, 0, 0, 0, 0]



在第18拍, 预测方法选择了两个不同的和弦，编码分别是1和56
在第18拍, 和弦已经被替换为编码56, 它在数组中的位置为8
在第24拍, 预测方法选择了两个不同的和弦，编码分别是56和26
在第24拍, 和弦已经被替换为编码26, 它在数组中的位置为27
在第28拍, 预测方法选择了两个不同的和弦，编码分别是1和86
在第28拍, 和弦已经被替换为编码1, 它在数组中的位置为3
和弦的输出: [1, 1, 56, 56, 1, 1, 56, 56, 1, 1, 1, 1, 1, 1, 1, 1, 1, 1, 56, 56, 56, 56, 56, 56, 26, 26, 1, 1, 1, 1, 1, 1, 1, 1, 56, 56, 14, 14, 43, 43, 31, 31, 31, 31, 1, 1, 1, 1]



鼓点组合的输出: [67, 68, 67, 68, 68, 67, 68, 67, 68, 67, 68, 67, 68, 67, 68, 67, 68, 67, 68, 67, 68, 67, 68, 67]
鼓点的输出: [175, 0, 0, 0, 12, 0, 10, 0, 175, 0, 0, 0, 12, 0, 10, 0, 175, 0, 0, 0, 12, 0, 10, 0, 175, 0, 0, 0, 12, 0, 12, 0, 175, 0, 0, 0, 12, 0, 10, 0, 175, 0, 0, 0, 12, 0, 10, 0, 175, 0, 0, 0, 12, 0, 10, 0, 175, 0, 0, 0, 12, 0, 12, 0, 175, 0, 0, 0, 12, 0, 10, 0, 175, 0, 0, 0, 12, 0, 12, 0, 175, 0, 0, 0, 12, 0, 10, 0, 175, 0, 0, 0, 12, 0, 10, 0, 175, 0, 0, 0, 12, 0, 10, 0, 175, 0, 0, 0, 12, 0, 12, 0, 175, 0, 0, 0, 12, 0, 10, 0, 175, 0, 0, 0, 12, 0, 10, 0, 175, 0, 0, 0, 12, 0, 10, 0, 175, 0, 0, 0, 12, 0, 12, 0, 175, 0, 0, 0, 12, 0, 10, 0, 175, 0, 0, 0, 12, 0, 10, 0, 175, 0, 0, 0, 12, 0, 10, 0, 175, 0, 0, 0, 12, 0, 12, 0, 175, 0, 0, 0, 12, 0, 10, 0, 175, 0, 0, 0, 12, 0, 10, 0, 175, 0, 0, 0, 12, 0, 10, 0, 175, 0, 0, 0, 12, 0, 12, 0, 175, 0, 0, 0, 12, 0, 10, 0, 175, 0, 0, 0, 12, 0, 10, 0, 175, 0, 0, 0, 12, 0, 10, 0, 175, 0, 0, 0, 12, 0, 12, 0, 175, 0, 0, 0, 12, 0, 10, 0, 175, 0, 0, 0, 12, 0, 10, 0, 175, 0, 0, 0, 12, 0, 10, 0, 175, 0, 0, 0, 12, 0, 12, 0, 175, 0, 0, 0, 12, 0, 10, 0, 175, 0, 0, 0, 12, 0, 10, 0, 175, 0, 0, 0, 12, 0, 10, 0, 175, 0, 0, 0, 12, 0, 12, 0, 175, 0, 0, 0, 12, 0, 10, 0, 175, 0, 0, 0, 12, 0, 10, 0, 175, 0, 0, 0, 12, 0, 10, 0, 175, 0, 0, 0, 12, 0, 12, 0, 175, 0, 0, 0, 12, 0, 10, 0, 175, 0, 0, 0, 12, 0, 10, 0, 175, 0, 0, 0, 12, 0, 10, 0, 175, 0, 0, 0, 12, 0, 12, 0, 175, 0, 0, 0, 12, 0, 10, 0, 175, 0, 0, 0, 12, 0, 10, 0]



在第12拍, bass第00次打回，与同时期和弦差异太大, 最后八拍音符为[[36], 0, 0, 0, [48], 0, [48], 0, [36], 0, 0, 0, [48], 0, [48], 0, [45], 0, 0, 0, 0, 0, 0, 0, [40], 0, 0, 0, 0, 0, 0, 0, [33], 0, 0, 0, [45], 0, [45], 0, [33], 0, 0, 0, [45], 0, [45], 0, [33], 0, 0, 0, [45], 0, [45], 0, [33], 0, 0, 0, [45], 0, [45], 0]
在第12拍, bass第01次打回，与同时期和弦差异太大, 最后八拍音符为[[36], 0, 0, 0, [48], 0, [48], 0, [36], 0, 0, 0, [48], 0, [48], 0, 0, 0, 0, 0, [33], 0, 0, 0, 0, 0, 0, 0, [33], 0, 0, 0, [33], 0, 0, 0, [45], 0, [45], 0, [33], 0, 0, 0, [45], 0, [45], 0, [33], 0, 0, 0, [45], 0, [45], 0, [33], 0, 0, 0, [45], 0, [45], 0]
在第12拍, bass第02次打回，与同时期和弦差异太大, 最后八拍音符为[[36], 0, 0, 0, [48], 0, [48], 0, [36], 0, 0, 0, [48], 0, [48], 0, [29], 0, 0, 0, [41], 0, [41], 0, [29], 0, 0, 0, [41], 0, [41], 0, [33], 0, 0, 0, [45], 0, [45], 0, [33], 0, 0, 0, [45], 0, [45], 0, [33], 0, 0, 0, [45], 0, [45], 0, [33], 0, 0, 0, [45], 0, [45], 0]
在第12拍, bass第03次打回，与同时期和弦差异太大, 最后八拍音符为[[36], 0, 0, 0, [48], 0, [48], 0, [36], 0, 0, 0, [48], 0, [48], 0, [33], 0, 0, 0, [45], 0, [45], 0, [33], 0, 0, 0, [45], 0, [45], 0, [33], 0, 0, 0, [45], 0, [45], 0, [33], 0, 0, 0, [45], 0, [45], 0, [33], 0, 0, 0, [45], 0, [45], 0, [33], 0, 0, 0, [45], 0, [45], 0]
在第12拍, bass第04次打回，与同时期和弦差异太大, 最后八拍音符为[[36], 0, 0, 0, [48], 0, [48], 0, [36], 0, 0, 0, [48], 0, [48], 0, [33], 0, 0, 0, 0, 0, 0, 0, 0, 0, 0, 0, [33], 0, 0, 0, [33], 0, 0, 0, [45], 0, [45], 0, [33], 0, 0, 0, [45], 0, [45], 0, [33], 0, 0, 0, [45], 0, [45], 0, [33], 0, 0, 0, [45], 0, [45], 0]
在第12拍, bass第05次打回，与同时期和弦差异太大, 最后八拍音符为[[36], 0, 0, 0, [48], 0, [48], 0, [36], 0, 0, 0, [48], 0, [48], 0, [29], 0, 0, 0, [41], 0, [41], 0, [29], 0, 0, 0, [41], 0, [41], 0, [33], 0, 0, 0, [45], 0, [45], 0, [33], 0, 0, 0, [45], 0, [45], 0, [33], 0, 0, 0, [45], 0, [45], 0, [33], 0, 0, 0, [45], 0, [45], 0]
bass的输出: [[36], 0, 0, 0, [48], 0, [48], 0, [36], 0, 0, 0, [48], 0, [48], 0, [33], 0, 0, 0, [45], 0, [45], 0, [33], 0, 0, 0, [45], 0, [45], 0, [36], 0, 0, 0, [48], 0, [48], 0, [36], 0, 0, 0, [48], 0, [48], 0, [33], 0, 0, 0, [33], 0, 0, 0, 0, 0, 0, 0, 0, 0, 0, 0, [36], 0, 0, 0, [36], 0, 0, 0, 0, 0, 0, 0, 0, 0, [36], 0, [36], 0, 0, 0, [36], 0, 0, 0, 0, 0, 0, 0, 0, 0, [36], 0, [36], 0, 0, 0, 0, 0, 0, 0, 0, 0, 0, 0, [31], 0, 0, 0, [36], 0, 0, 0, 0, 0, 0, 0, 0, 0, 0, 0, [31], 0, 0, 0, [36], 0, 0, 0, 0, 0, 0, 0, [31], 0, 0, 0, 0, 0, 0, 0, [33], 0, 0, 0, 0, 0, 0, 0, [31], 0, 0, 0, 0, 0, 0, 0, [33], 0, 0, 0, 0, 0, 0, 0, [33], 0, 0, 0, 0, 0, 0, 0, [33], 0, 0, 0, 0, 0, 0, 0, 0, 0, 0, 0, 0, 0, 0, 0, [40], 0, 0, 0, 0, 0, 0, 0, 0, 0, 0, 0, [40], 0, 0, 0, [36], 0, 0, 0, 0, 0, 0, 0, 0, 0, 0, 0, 0, 0, 0, 0, [36], 0, 0, 0, 0, 0, 0, 0, 0, 0, 0, 0, [36], 0, 0, 0, [36], 0, 0, 0, 0, 0, 0, 0, 0, 0, 0, 0, 0, 0, 0, 0, [36], 0, 0, 0, 0, 0, 0, 0, 0, 0, 0, 0, [36], 0, 0, 0, [33], 0, 0, 0, 0, 0, 0, 0, 0, 0, 0, 0, 0, 0, 0, 0, [38], 0, 0, 0, 0, 0, 0, 0, 0, 0, 0, 0, [38], 0, 0, 0, [31], 0, 0, 0, [31], 0, 0, 0, 0, 0, 0, 0, [31], 0, 0, 0, [41], 0, 0, 0, 0, 0, 0, 0, 0, 0, 0, 0, [41], 0, 0, 0, [41], 0, 0, 0, 0, 0, 0, 0, 0, 0, 0, 0, 0, 0, 0, 0, [36], 0, 0, 0, 0, 0, 0, 0, 0, 0, 0, 0, [36], 0, 0, 0, [36], 0, 0, 0, 0, 0, 0, 0, 0, 0, 0, 0, 0, 0, 0, 0]
第12拍, piano_guitar的误差分数为1.0023, 高于临界值0.9912
第12拍, piano_guitar的误差分数为1.0023, 高于临界值0.9912
第12拍, piano_guitar的误差分数为1.0023, 高于临界值0.9912
第12拍, piano_guitar的误差分数为1.0023, 高于临界值0.9912
第12拍, piano_guitar的误差分数为1.0023, 高于临界值0.9912
第44拍, piano_guitar的误差分数为1.0261, 高于临界值0.9912
piano_guitar的输出: [0, 0, [55, 60, 64], [55, 60, 64], 0, 0, [55, 60, 64], [55, 60, 64], 0, 0, [57, 60, 64], [57, 60, 64], 0, 0, [57, 60, 64], [57, 60, 64], 0, 0, [55, 60, 64], [55, 60, 64], 0, 0, [55, 60, 64], [55, 60, 64], 0, 0, [57, 60, 64], [57, 60, 64], 0, 0, [57, 60, 64], [57, 60, 64], 0, 0, [55, 60, 64], [55, 60, 64], 0, 0, [55, 60, 64], [55, 60, 64], 0, 0, [55, 60, 64], [55, 60, 64], 0, 0, [55, 60, 64], [55, 60, 64], 0, 0, [55, 60, 64], [55, 60, 64], 0, 0, [55, 60, 64], [55, 60, 64], 0, 0, [55, 60, 64], [55, 60, 64], 0, 0, [55, 60, 64], [55, 60, 64], [55, 60, 64], [55, 60, 64], [55, 60, 64], [55, 60, 64], 0, 0, [55, 60, 64], [55, 60, 64], 0, 0, [52, 57], [57, 60], 0, 0, [57, 60, 64], [57, 60, 64], 0, 0, [57, 60, 64], [57, 60, 64], 0, 0, [57, 60, 64], [57, 60, 64], 0, 0, [57, 60, 64], [57, 60, 64], 0, 0, [57, 60, 64], [57, 60, 64], [40], 0, 0, 0, 0, 0, [55, 59, 64], [55, 59, 64], [52, 55, 60], [52, 55, 60], [52, 55, 60], [52, 55, 60], [60, 64, 67], 0, 0, [60, 64, 67], [60, 64, 67], 0, 0, [60, 64, 67], [60, 64, 67], 0, 0, [60, 64, 67], [60, 64, 67], 0, 0, [60, 64, 67], [60, 64, 67], 0, 0, [60, 64, 67], [60, 64, 67], 0, 0, [60, 64, 67], [60, 64, 67], 0, 0, [60, 64, 67], [57, 60, 64], 0, 0, [57, 60, 64], [57, 60, 64], 0, 0, [57, 60, 64], [62, 65, 69], 0, 0, [62, 65, 69], [62, 65, 69], 0, 0, [62, 65, 69], [62, 67], 0, 0, 0, [83], [79], [83], [79], [53, 60, 65], 0, 0, 0, [48, 53, 60, 65, 69, 72], 0, 0, 0, [53, 57, 60, 65], 0, 0, 0, 0, 0, 0, 0, [48, 52, 55, 60, 64], 0, 0, 0, [48, 55], 0, 0, 0, [48, 55, 60], 0, 0, 0, [60, 64, 67, 72], 0, 0, 0]
string的输出: [[48, 64, 67, 72], 0, 0, 0, 0, 0, 0, 0, 0, 0, 0, 0, [81], 0, [83], 0, [55, 60, 64], 0, 0, 0, 0, 0, 0, 0, [60, 69, 76], 0, 0, 0, 0, 0, 0, 0, [55, 60, 64], 0, 0, 0, 0, 0, 0, 0, [55, 60, 64], 0, 0, 0, 0, 0, 0, 0, 0, 0, 0, 0, 0, 0, 0, 0, 0, 0, 0, 0, 0, 0, 0, 0, [60, 64, 67], 0, [60, 64, 67], 0, [60, 64, 67], 0, 0, 0, [64, 69, 72], 0, 0, 0, 0, 0, 0, 0, [64, 69, 72], 0, 0, 0, 0, 0, 0, 0, 0, 0, 0, 0, 0, 0, 0, 0, [64, 67, 71], 0, 0, 0, 0, 0, 0, 0, [67, 72, 76], 0, 0, 0, 0, 0, 0, 0, [64, 67, 72], 0, 0, 0, 0, 0, 0, 0, 0, 0, 0, 0, 0, 0, 0, 0, [60, 64, 67], 0, 0, 0, 0, 0, 0, 0, [60, 64, 69], 0, 0, 0, 0, 0, 0, 0, [65, 69, 74], 0, 0, 0, 0, 0, 0, 0, [67, 71, 74], 0, 0, 0, 0, 0, 0, 0, [69, 72, 77], 0, 0, 0, 0, 0, 0, 0, [65, 69, 72], 0, 0, 0, 0, 0, 0, 0, [60, 64, 67], 0, 0, 0, 0, 0, 0, 0, [55, 60, 64], 0, 0, 0, 0, 0, 0, 0]
加花的输出判定为: [0, 0, 3, 3, 0, 0, 0, 0, 0, 0, 0, 0, 0, 0, 3, 3, 0, 0, 3, 3, 3, 0, 0, 0, 0, 0, 3, 0, 0, 0, 0, 0, 0, 0, 0, 0, 0, 0, 0, 0, 3, 3, 3, 0, 0, 0, 0, 0]
加花已连续生成失败0次
加花的输出判定为: [0, 0, 0, 0, 0, 0, 0, 0, 0, 0, 0, 0, 0, 0, 0, 0, 0, 0, 0, 0, 0, 0, 0, 0, 0, 0, 0, 0, 0, 0, 0, 0, 0, 0, 0, 0, 0, 0, 0, 0, 0, 0, 0, 0, 3, 0, 0, 0]
加花已连续生成失败1次
加花的输出判定为: [0, 0, 0, 0, 0, 0, 0, 0, 0, 0, 0, 0, 0, 0, 1, 0, 0, 0, 0, 0, 0, 0, 1, 1, 0, 0, 0, 0, 0, 0, 0, 0, 0, 3, 3, 0, 0, 0, 0, 0, 0, 0, 3, 3, 3, 0, 1, 1]
加花的最终输出: [0, 0, 0, 0, 0, 0, 0, 0, 0, 0, 0, 0, 0, 0, 0, 0, 0, 0, 0, 0, 0, 0, 0, 0, 0, 0, 0, 0, 0, 0, 0, 0, 0, 0, 0, 0, 0, 0, 0, 0, 0, 0, 0, 0, 0, 0, 0, 0, 0, 0, 0, 0, 0, 0, 0, 0, 0, 0, 0, 0, 0, 0, 0, 0, 0, 0, 0, 0, 0, 0, 0, 0, 0, 0, 0, 0, 0, 0, 0, 0, 0, 0, 0, 0, 0, 0, 0, 0, 0, 0, 0, 0, 0, 0, 0, 0, 0, 0, 0, 0, 0, 0, 0, 0, 0, 0, 0, 0, 0, 0, 0, 0, [62], [64], 0, [67], [69], [71], 0, [72], 0, 0, 0, 0, 0, 0, 0, 0, 0, 0, 0, 0, 0, 0, 0, 0, 0, 0, 0, 0, 0, 0, 0, 0, 0, 0, 0, 0, 0, 0, 0, 0, 0, 0, 0, 0, 0, 0, 0, 0, 0, 0, 0, 0, 0, 0, 0, 0, 0, 0, 0, 0, 0, 0, 0, 0, [76], 0, [72], 0, [69], 0, [64], 0, [72], 0, [69], 0, [64], 0, [60], 0, 0, 0, 0, 0, 0, 0, 0, 0, 0, 0, 0, 0, 0, 0, 0, 0, 0, 0, 0, 0, 0, 0, 0, 0, 0, 0, 0, 0, 0, 0, 0, 0, 0, 0, 0, 0, 0, 0, 0, 0, 0, 0, 0, 0, 0, 0, 0, 0, 0, 0, 0, 0, 0, 0, 0, 0, 0, 0, 0, 0, 0, 0, 0, 0, 0, 0, 0, 0, 0, 0, 0, 0, 0, 0, 0, 0, [67], 0, 0, 0, 0, 0, 0, 0, [64, 67], 0, 0, 0, 0, 0, 0, 0, 0, 0, 0, 0, 0, 0, 0, 0, 0, 0, 0, 0, 0, 0, 0, 0, 0, 0, 0, 0, 0, 0, 0, 0, 0, 0, 0, 0, 0, 0, 0, 0, 0, 0, 0, 0, 0, 0, 0, 0, 0, 0, 0, 0, 0, 0, 0, 0, 0, 0, 0, 0, 0, 0, 0, 0, [69], 0, 0, 0, [72], 0, 0, 0, [69], 0, 0, 0, 0, 0, 0, 0, [72], 0, 0, 0, 0, 0, 0, 0, 0, 0, 0, 0, [60], 0, 0, 0, [64], 0, [67], 0, [72], 0, [76], 0, [79], 0, [84], 0]
