Restoring of melody associated data has finished!
Restoring of intro and interlude associated data has finished!
Restoring of chord associated data has finished!
Restoring of bass associated data has finished!
Restoring of piano_guitar associated data has finished!
Restoring of string associated data has finished!
Restoring of fill associated data has finished!
平均音高的十个中心点分别为: array([64.5274 , 68.88931, 71.59106, 73.43156, 75.04601, 76.59607,
       78.07177, 79.70886, 81.50549, 84.96061], dtype=float32)
第1次生成开始: 主旋律开始的组合编码是3, 组合为[76, 0, 0, 0, 0, 0, 0, 0]
在第4个步长, 主旋律第00次打回，难以选出不雷同的组合, 最后四拍音符为[76, 0, 0, 0, 0, 0, 0, 0, 76, 0, 0, 0, 76, 0, 0, 0, 77, 0, 0, 0, 0, 0, 0, 0, 79, 0, 0, 0, 0, 0, 0, 0]
第2次生成开始: 主旋律开始的组合编码是115, 组合为[86, 0, 0, 0, 88, 0, 0, 0]
在第7个步长, 主旋律第01次打回，难以选出不雷同的组合, 最后四拍音符为[84, 0, 0, 0, 81, 0, 0, 0, 79, 0, 0, 0, 0, 0, 0, 0, 76, 0, 0, 0, 79, 0, 0, 0, 81, 0, 0, 0, 0, 0, 0, 0]
在第48个pattern, 主旋律第02次打回,收束不符合要求, 最后四拍音符为[69, 0, 0, 0, 0, 0, 0, 0, 76, 0, 0, 0, 0, 0, 0, 0, 74, 0, 0, 0, 0, 0, 0, 0, 0, 0, 0, 0, 0, 0, 0, 0]
在第48个pattern, 主旋律第03次打回,收束不符合要求, 最后四拍音符为[69, 0, 0, 0, 0, 0, 0, 0, 76, 0, 0, 0, 74, 0, 0, 0, 67, 0, 0, 0, 0, 0, 0, 0, 0, 0, 0, 0, 0, 0, 0, 0]
主旋律的输出:[86, 0, 0, 0, 88, 0, 0, 0, 0, 0, 0, 0, 81, 0, 0, 0, 81, 0, 0, 0, 0, 0, 0, 0, 79, 0, 0, 0, 0, 0, 0, 0, 76, 0, 0, 0, 79, 0, 0, 0, 76, 0, 0, 0, 74, 0, 0, 0, 76, 0, 0, 0, 0, 0, 0, 0, 0, 0, 0, 0, 0, 0, 0, 0, 79, 0, 0, 0, 0, 0, 0, 0, 76, 0, 0, 0, 0, 0, 0, 0, 72, 0, 0, 0, 72, 0, 0, 0, 74, 0, 0, 0, 76, 0, 0, 0, 76, 0, 0, 0, 76, 0, 0, 0, 74, 0, 0, 0, 72, 0, 0, 0, 79, 0, 0, 0, 0, 0, 0, 0, 79, 0, 0, 0, 0, 0, 0, 0, 72, 0, 0, 0, 0, 0, 0, 0, 74, 0, 0, 0, 0, 0, 76, 0, 79, 0, 0, 0, 0, 0, 0, 0, 79, 0, 0, 0, 0, 0, 0, 0, 86, 0, 0, 0, 81, 0, 0, 0, 79, 0, 0, 0, 0, 0, 0, 0, 0, 0, 0, 0, 0, 0, 0, 0, 77, 0, 0, 0, 0, 0, 0, 0, 72, 0, 0, 0, 0, 0, 0, 0, 74, 0, 0, 0, 0, 0, 0, 0, 0, 0, 0, 0, 0, 0, 0, 0, 74, 0, 0, 0, 0, 0, 0, 0, 0, 0, 0, 0, 74, 0, 0, 0, 74, 0, 0, 0, 76, 0, 0, 0, 77, 0, 0, 0, 0, 0, 0, 0, 0, 0, 0, 0, 74, 0, 0, 0, 74, 0, 0, 0, 0, 0, 0, 0, 0, 0, 0, 0, 76, 0, 0, 0, 76, 0, 0, 0, 0, 0, 0, 0, 0, 0, 0, 0, 0, 0, 0, 0, 74, 0, 0, 0, 0, 0, 0, 0, 0, 0, 0, 0, 76, 0, 0, 0, 79, 0, 0, 0, 0, 0, 0, 0, 79, 0, 0, 0, 0, 0, 0, 0, 0, 0, 0, 0, 76, 0, 0, 0, 72, 0, 0, 0, 0, 0, 0, 0, 74, 0, 0, 0, 76, 0, 0, 0, 77, 0, 0, 0, 76, 0, 0, 0, 72, 0, 0, 0, 69, 0, 0, 0, 69, 0, 0, 0, 72, 0, 0, 0, 0, 0, 0, 0, 0, 0, 0, 0, 0, 0, 0, 0, 0, 0, 0, 0]



在第14拍, 预测方法选择了两个不同的和弦，编码分别是56和1
在第14拍, 和弦已经被替换为编码56, 它在数组中的位置为8
在第32拍, 和弦第0次未通过同时期主旋律转化频率验证。和弦的损失函数值为19.4320，而临界值为13.8800
在第32拍, 和弦第1次未通过同时期主旋律转化频率验证。和弦的损失函数值为19.4320，而临界值为13.8800
在第32拍, 和弦第2次未通过同时期主旋律转化频率验证。和弦的损失函数值为19.4320，而临界值为13.8800
在第32拍, 和弦第3次未通过同时期主旋律转化频率验证。和弦的损失函数值为19.4320，而临界值为13.8800
在第28拍, 预测方法选择了两个不同的和弦，编码分别是31和1
在第28拍, 和弦已经被替换为编码31, 它在数组中的位置为26
在第32拍, 和弦第00次打回，离调和弦比例过高, 最后八拍和弦为[31, 31, 31, 31, 31, 31, 31, 31]
在第32拍, 和弦第4次未通过同时期主旋律转化频率验证。和弦的损失函数值为19.4320，而临界值为13.8800
在第32拍, 和弦第5次未通过同时期主旋律转化频率验证。和弦的损失函数值为19.4320，而临界值为13.8800
在第32拍, 和弦第6次未通过同时期主旋律转化频率验证。和弦的损失函数值为19.4320，而临界值为13.8800
在第32拍, 和弦第7次未通过同时期主旋律转化频率验证。和弦的损失函数值为19.4320，而临界值为13.8800
在第32拍, 和弦第8次未通过同时期主旋律转化频率验证。和弦的损失函数值为19.4320，而临界值为13.8800
在第32拍, 和弦第9次未通过同时期主旋律转化频率验证。和弦的损失函数值为19.4320，而临界值为13.8800
在第24拍，由于连续10次未通过同时期主旋律转化频率的验证，和弦使用备选方案, 损失为19.4320
在第34拍, 预测方法选择了两个不同的和弦，编码分别是43和5
在第34拍, 和弦已经被替换为编码43, 它在数组中的位置为4
在第38拍, 预测方法选择了两个不同的和弦，编码分别是56和1
在第38拍, 和弦已经被替换为编码56, 它在数组中的位置为8
在第40拍, 和弦第01次打回，离调和弦比例过高, 最后八拍和弦为[13, 13, 43, 43, 56, 56, 56, 56]
在第38拍, 预测方法选择了两个不同的和弦，编码分别是1和26
在第38拍, 和弦已经被替换为编码1, 它在数组中的位置为3
在第48拍, 和弦第02次打回，收束不是1级大和弦或6级小和弦, 最后八拍和弦为[31, 31, 43, 43, 31, 31, 31, 31]
在第40拍, 预测方法选择了两个不同的和弦，编码分别是31和13
在第40拍, 和弦已经被替换为编码31, 它在数组中的位置为26
在第48拍, 和弦第03次打回，收束不是1级大和弦或6级小和弦, 最后八拍和弦为[31, 31, 43, 43, 31, 31, 31, 31]
在第48拍, 和弦第04次打回，收束不是1级大和弦或6级小和弦, 最后八拍和弦为[31, 31, 43, 43, 101, 101, 101, 101]
在第48拍, 和弦第05次打回，收束不是1级大和弦或6级小和弦, 最后八拍和弦为[31, 31, 43, 43, 31, 31, 31, 31]
在第44拍, 预测方法选择了两个不同的和弦，编码分别是31和43
在第44拍, 和弦已经被替换为编码31, 它在数组中的位置为26
在第48拍, 和弦第06次打回，收束不是1级大和弦或6级小和弦, 最后八拍和弦为[31, 31, 43, 43, 31, 31, 31, 31]
在第48拍, 和弦第07次打回，收束不是1级大和弦或6级小和弦, 最后八拍和弦为[31, 31, 43, 43, 31, 31, 31, 31]
在第48拍, 和弦第08次打回，收束不是1级大和弦或6级小和弦, 最后八拍和弦为[31, 31, 43, 43, 56, 56, 56, 56]
在第48拍, 和弦第09次打回，收束不是1级大和弦或6级小和弦, 最后八拍和弦为[31, 31, 43, 43, 31, 31, 31, 31]
在第48拍, 和弦第10次打回，离调和弦比例过高, 最后八拍和弦为[31, 31, 43, 43, 43, 43, 43, 43]
在第48拍, 和弦第11次打回，收束不是1级大和弦或6级小和弦, 最后八拍和弦为[31, 31, 43, 43, 31, 31, 31, 31]
在第48拍, 和弦第12次打回，收束不是1级大和弦或6级小和弦, 最后八拍和弦为[31, 31, 43, 43, 31, 31, 31, 31]
在第48拍, 和弦第13次打回，离调和弦比例过高, 最后八拍和弦为[31, 31, 14, 14, 43, 43, 43, 43]
在第48拍, 和弦第14次打回，收束不是1级大和弦或6级小和弦, 最后八拍和弦为[31, 31, 43, 43, 31, 31, 31, 31]
在第48拍, 和弦第15次打回，收束不是1级大和弦或6级小和弦, 最后八拍和弦为[31, 31, 43, 43, 31, 31, 31, 31]
在第48拍, 和弦第16次打回，收束不是1级大和弦或6级小和弦, 最后八拍和弦为[31, 31, 43, 43, 56, 56, 56, 56]
在第48拍, 和弦第17次打回，收束不是1级大和弦或6级小和弦, 最后八拍和弦为[31, 31, 43, 43, 31, 31, 31, 31]
在第48拍, 和弦第18次打回，收束不是1级大和弦或6级小和弦, 最后八拍和弦为[31, 31, 43, 43, 31, 31, 31, 31]
在第48拍, 和弦第19次打回，离调和弦比例过高, 最后八拍和弦为[31, 31, 43, 43, 43, 43, 43, 43]
在第48拍, 和弦第20次打回，收束不是1级大和弦或6级小和弦, 最后八拍和弦为[31, 31, 43, 43, 31, 31, 31, 31]
在第48拍, 和弦第21次打回，收束不是1级大和弦或6级小和弦, 最后八拍和弦为[31, 31, 43, 43, 31, 31, 31, 31]
在第48拍, 和弦第22次打回，收束不是1级大和弦或6级小和弦, 最后八拍和弦为[31, 31, 43, 43, 31, 31, 31, 31]
在第48拍, 和弦第23次打回，收束不是1级大和弦或6级小和弦, 最后八拍和弦为[31, 31, 43, 43, 31, 31, 31, 31]
在第48拍, 和弦第24次打回，收束不是1级大和弦或6级小和弦, 最后八拍和弦为[31, 31, 13, 13, 13, 13, 13, 13]
在第48拍, 和弦第25次打回，收束不是1级大和弦或6级小和弦, 最后八拍和弦为[31, 31, 14, 14, 14, 14, 14, 14]
在第48拍, 和弦第26次打回，收束不是1级大和弦或6级小和弦, 最后八拍和弦为[31, 31, 13, 13, 101, 101, 101, 101]
在第48拍, 和弦第27次打回，收束不是1级大和弦或6级小和弦, 最后八拍和弦为[31, 31, 43, 43, 31, 31, 31, 31]
在第48拍, 和弦第28次打回，收束不是1级大和弦或6级小和弦, 最后八拍和弦为[31, 31, 13, 13, 31, 31, 31, 31]
在第48拍, 和弦第29次打回，收束不是1级大和弦或6级小和弦, 最后八拍和弦为[31, 31, 43, 43, 31, 31, 31, 31]
和弦被打回次数超过30次,重新生成。



Traceback (most recent call last):
  File "D:/开发项目/NoiseMaker/MakerSrc/main.py", line 122, in generate_1track
    track_out = track_in.generate(*args)
  File "D:\开发项目\NoiseMaker\MakerSrc\pipelines\chord_pipeline.py", line 211, in generate
    raise RuntimeError
RuntimeError

chord音轨已连续生成失败0次
在第8拍, 预测方法选择了两个不同的和弦，编码分别是1和26
在第8拍, 和弦已经被替换为编码1, 它在数组中的位置为3
在第16拍, 和弦第00次打回，连续3小节和弦未变化, 始终为1
在第10拍, 预测方法选择了两个不同的和弦，编码分别是26和43
在第10拍, 和弦已经被替换为编码26, 它在数组中的位置为27
在第12拍, 预测方法选择了两个不同的和弦，编码分别是1和31
在第12拍, 和弦已经被替换为编码1, 它在数组中的位置为3
在第14拍, 预测方法选择了两个不同的和弦，编码分别是1和26
在第14拍, 和弦已经被替换为编码1, 它在数组中的位置为3
在第32拍, 和弦第0次未通过同时期主旋律转化频率验证。和弦的损失函数值为19.4320，而临界值为13.8800
在第32拍, 和弦第1次未通过同时期主旋律转化频率验证。和弦的损失函数值为19.4320，而临界值为13.8800
在第32拍, 和弦第2次未通过同时期主旋律转化频率验证。和弦的损失函数值为19.4320，而临界值为13.8800
在第32拍, 和弦第3次未通过同时期主旋律转化频率验证。和弦的损失函数值为19.4320，而临界值为13.8800
在第32拍, 和弦第4次未通过同时期主旋律转化频率验证。和弦的损失函数值为19.4320，而临界值为13.8800
在第32拍, 和弦第5次未通过同时期主旋律转化频率验证。和弦的损失函数值为19.4320，而临界值为13.8800
在第32拍, 和弦第6次未通过同时期主旋律转化频率验证。和弦的损失函数值为19.4320，而临界值为13.8800
在第32拍, 和弦第7次未通过同时期主旋律转化频率验证。和弦的损失函数值为19.4320，而临界值为13.8800
在第32拍, 和弦第8次未通过同时期主旋律转化频率验证。和弦的损失函数值为19.4320，而临界值为13.8800
在第32拍, 和弦第9次未通过同时期主旋律转化频率验证。和弦的损失函数值为19.4320，而临界值为13.8800
在第24拍，由于连续10次未通过同时期主旋律转化频率的验证，和弦使用备选方案, 损失为19.4320
在第38拍, 预测方法选择了两个不同的和弦，编码分别是1和26
在第38拍, 和弦已经被替换为编码1, 它在数组中的位置为3
在第48拍, 和弦第01次打回，收束不是1级大和弦或6级小和弦, 最后八拍和弦为[31, 31, 43, 43, 31, 31, 31, 31]
在第48拍, 和弦第02次打回，离调和弦比例过高, 最后八拍和弦为[31, 31, 43, 43, 43, 43, 43, 43]
在第48拍, 和弦第03次打回，收束不是1级大和弦或6级小和弦, 最后八拍和弦为[31, 31, 43, 43, 31, 31, 31, 31]
在第42拍, 预测方法选择了两个不同的和弦，编码分别是43和70
在第42拍, 和弦已经被替换为编码43, 它在数组中的位置为4
在第48拍, 和弦第04次打回，离调和弦比例过高, 最后八拍和弦为[31, 31, 43, 43, 43, 43, 43, 43]
在第48拍, 和弦第05次打回，收束不是1级大和弦或6级小和弦, 最后八拍和弦为[31, 31, 43, 43, 13, 13, 13, 13]
在第48拍, 和弦第06次打回，收束不是1级大和弦或6级小和弦, 最后八拍和弦为[101, 101, 13, 13, 101, 101, 101, 101]
在第48拍, 和弦第07次打回，收束不是1级大和弦或6级小和弦, 最后八拍和弦为[31, 31, 43, 43, 56, 56, 56, 56]
在第48拍, 和弦第08次打回，收束不是1级大和弦或6级小和弦, 最后八拍和弦为[31, 31, 43, 43, 31, 31, 31, 31]
在第48拍, 和弦第09次打回，收束不是1级大和弦或6级小和弦, 最后八拍和弦为[31, 31, 13, 13, 101, 101, 101, 101]
在第48拍, 和弦第10次打回，收束不是1级大和弦或6级小和弦, 最后八拍和弦为[31, 31, 43, 43, 31, 31, 31, 31]
和弦的输出: [14, 14, 31, 31, 1, 1, 1, 1, 26, 26, 26, 26, 1, 1, 1, 1, 56, 56, 43, 43, 1, 1, 31, 31, 31, 31, 31, 31, 43, 43, 43, 43, 43, 43, 1, 1, 14, 14, 1, 1, 31, 31, 43, 43, 1, 1, 1, 1]



鼓点组合的输出: [82, 82, 86, 82, 86, 85, 12, 12, 12, 12, 12, 12, 12, 12, 12, 12, 12, 12, 12, 12, 12, 12, 12, 12]
鼓点的输出: [152, 0, 0, 0, 134, 0, 0, 0, 134, 0, 0, 0, 343, 0, 0, 0, 152, 0, 0, 0, 134, 0, 0, 0, 134, 0, 0, 0, 343, 0, 0, 0, 134, 0, 0, 0, 134, 0, 0, 0, 344, 0, 0, 0, 61, 0, 0, 0, 152, 0, 0, 0, 134, 0, 0, 0, 134, 0, 0, 0, 343, 0, 0, 0, 134, 0, 0, 0, 134, 0, 0, 0, 344, 0, 0, 0, 61, 0, 0, 0, 0, 0, 0, 0, 0, 0, 0, 0, 0, 0, 0, 0, 0, 0, 1643, 0, 175, 0, 0, 0, 603, 0, 0, 0, 604, 0, 0, 0, 0, 0, 0, 0, 175, 0, 0, 0, 603, 0, 0, 0, 604, 0, 0, 0, 0, 0, 0, 0, 175, 0, 0, 0, 603, 0, 0, 0, 604, 0, 0, 0, 0, 0, 0, 0, 175, 0, 0, 0, 603, 0, 0, 0, 604, 0, 0, 0, 0, 0, 0, 0, 175, 0, 0, 0, 603, 0, 0, 0, 604, 0, 0, 0, 0, 0, 0, 0, 175, 0, 0, 0, 603, 0, 0, 0, 604, 0, 0, 0, 0, 0, 0, 0, 175, 0, 0, 0, 603, 0, 0, 0, 604, 0, 0, 0, 0, 0, 0, 0, 175, 0, 0, 0, 603, 0, 0, 0, 604, 0, 0, 0, 0, 0, 0, 0, 175, 0, 0, 0, 603, 0, 0, 0, 604, 0, 0, 0, 0, 0, 0, 0, 175, 0, 0, 0, 603, 0, 0, 0, 604, 0, 0, 0, 0, 0, 0, 0, 175, 0, 0, 0, 603, 0, 0, 0, 604, 0, 0, 0, 0, 0, 0, 0, 175, 0, 0, 0, 603, 0, 0, 0, 604, 0, 0, 0, 0, 0, 0, 0, 175, 0, 0, 0, 603, 0, 0, 0, 604, 0, 0, 0, 0, 0, 0, 0, 175, 0, 0, 0, 603, 0, 0, 0, 604, 0, 0, 0, 0, 0, 0, 0, 175, 0, 0, 0, 603, 0, 0, 0, 604, 0, 0, 0, 0, 0, 0, 0, 175, 0, 0, 0, 603, 0, 0, 0, 604, 0, 0, 0, 0, 0, 0, 0, 175, 0, 0, 0, 603, 0, 0, 0, 604, 0, 0, 0, 0, 0, 0, 0, 175, 0, 0, 0, 603, 0, 0, 0, 604, 0, 0, 0, 0, 0, 0, 0]



第36拍, bass的误差分数为2.0408, 高于临界值1.5244
第36拍, bass的误差分数为2.8335, 高于临界值1.5244
bass的输出: [[38], 0, 0, 0, 0, 0, 0, 0, [33], 0, 0, 0, 0, 0, 0, 0, [41], 0, 0, 0, 0, 0, 0, 0, [36], 0, 0, 0, 0, 0, 0, 0, [36], 0, 0, 0, 0, 0, 0, 0, [31], 0, 0, 0, 0, 0, 0, 0, [36], 0, 0, 0, 0, 0, 0, 0, [36], 0, 0, 0, 0, 0, 0, 0, [28], 0, 0, 0, 0, 0, 0, 0, [28], 0, 0, 0, 0, 0, 0, 0, [40], 0, 0, 0, 0, 0, 0, 0, [28], 0, 0, 0, 0, 0, 0, 0, [36], 0, 0, 0, 0, 0, 0, 0, [36], 0, 0, 0, 0, 0, 0, 0, [36], 0, 0, 0, 0, 0, 0, 0, [31], 0, 0, 0, 0, 0, 0, 0, [33], 0, 0, 0, 0, 0, 0, 0, [33], 0, 0, 0, 0, 0, 0, 0, [31], 0, 0, 0, 0, 0, 0, 0, [38], 0, 0, 0, 0, 0, 0, 0, [36], 0, 0, 0, 0, 0, 0, 0, [31], 0, 0, 0, 0, 0, 0, 0, [41], 0, 0, 0, 0, 0, 0, 0, [36], 0, 0, 0, 0, 0, 0, 0, [29], 0, 0, 0, 0, 0, 0, 0, [29], 0, 0, 0, 0, 0, 0, 0, [29], 0, 0, 0, 0, 0, 0, 0, [29], 0, 0, 0, 0, 0, 0, 0, [31], 0, 0, 0, 0, 0, 0, 0, [31], 0, 0, 0, 0, 0, 0, 0, [43], 0, 0, 0, [38], 0, 0, 0, [43], 0, 0, 0, 0, 0, 0, 0, [35], 0, 0, 0, 0, 0, 0, 0, [38], 0, 0, 0, 0, 0, 0, 0, [36], 0, 0, 0, 0, 0, 0, 0, [31], 0, 0, 0, 0, 0, 0, 0, [38], 0, 0, 0, 0, 0, 0, 0, [33], 0, 0, 0, 0, 0, 0, 0, [36], 0, 0, 0, 0, 0, 0, 0, [31], 0, 0, 0, 0, 0, 0, 0, [41], 0, 0, 0, 0, 0, 0, 0, [36], 0, 0, 0, 0, 0, 0, 0, [31], 0, 0, 0, 0, 0, 0, 0, [31], 0, 0, 0, 0, 0, 0, 0, [24], 0, 0, 0, 0, 0, 0, 0, [24], 0, 0, 0, 0, 0, 0, 0, [36], 0, 0, 0, 0, 0, 0, 0, [31], 0, 0, 0, 0, 0, 0, 0]
第12拍, piano_guitar的误差分数为2.0408, 高于临界值0.9912
第28拍, piano_guitar的误差分数为1.3061, 高于临界值0.9912
第28拍, piano_guitar的误差分数为1.5514, 高于临界值0.9912
第28拍, piano_guitar的误差分数为3.1253, 高于临界值0.9912
第28拍, piano_guitar的误差分数为1.3061, 高于临界值0.9912
第28拍, piano_guitar的误差分数为1.3061, 高于临界值0.9912
第44拍, piano_guitar的误差分数为1.9429, 高于临界值0.9912
piano_guitar的输出: [[50], 0, [53], 0, [57], 0, [53], 0, [65], 0, [57], 0, [60], 0, [65], 0, [48], 0, [52], 0, [48, 52, 55], 0, [60], 0, [48], 0, [52], 0, [55], 0, [60], 0, [40], 0, [43], 0, [52], 0, [55], 0, [52, 55, 59], 0, [64], 0, [52], 0, [55], 0, [48], 0, [55], [52], [60], 0, [52], 0, [48], [52], [55], [60], 0, 0, [55], 0, [45], 0, [52], 0, [57], 0, [52], 0, [43], 0, [50], 0, [55], 0, [59], 0, [48, 60], 0, [52], 0, [67], 0, [64], 0, [60], 0, [65], 0, [60], 0, [65], 0, [53], 0, [57], 0, [60], 0, [57], 0, [65], 0, [57], 0, [60], 0, [57], 0, [55], 0, [62], [59], [62], 0, [59], 0, [55], 0, 0, 0, 0, 0, [62, 67], [67, 71], [62, 67], 0, [62, 67], 0, [62, 67], 0, 0, 0, [55, 60, 64], 0, 0, 0, [60, 64, 67], 0, 0, 0, [62, 65, 69], 0, 0, 0, [50, 57, 62], 0, 0, 0, [48, 55, 60], 0, 0, 0, [48, 55, 60], 0, 0, 0, [53, 60, 65], 0, 0, 0, [65, 69, 72, 77], 0, 0, 0, [55, 62, 67], 0, 0, 0, [62, 67], 0, [59], 0, [48, 55, 60], 0, 0, 0, [60, 64, 67, 72], 0, 0, 0, [48, 55, 60], 0, 0, 0, [60, 64, 67, 72], 0, 0, 0]
第20拍, string的误差分数为2.4178, 高于临界值2.0475
第28拍, string的误差分数为2.3951, 高于临界值2.0475
string的输出: [[50, 53, 57], 0, 0, 0, 0, 0, 0, 0, [57, 60, 65], 0, 0, 0, 0, 0, 0, 0, [55, 60, 64], 0, 0, 0, 0, 0, 0, 0, 0, 0, 0, 0, 0, 0, 0, 0, [59, 64, 67], 0, 0, 0, 0, 0, 0, 0, [59, 64, 67], 0, 0, 0, 0, 0, 0, 0, [55, 60, 64], 0, 0, 0, 0, 0, 0, 0, 0, 0, 0, 0, [55, 60, 64], 0, 0, 0, [69, 72, 76], 0, 0, 0, 0, 0, 0, 0, [67, 71, 74], 0, 0, 0, 0, 0, 0, 0, [67, 72, 76], 0, 0, 0, 0, 0, 0, 0, [65, 69, 72, 77], 0, 0, 0, 0, 0, 0, 0, [65, 69, 72], 0, 0, 0, 0, 0, 0, 0, [57, 60, 65], 0, 0, 0, 0, 0, 0, 0, [59, 62, 67], 0, 0, 0, 0, 0, 0, 0, [59, 62, 67], 0, 0, 0, 0, 0, 0, 0, [59, 62, 67], 0, 0, 0, 0, 0, 0, 0, [55, 60, 64], 0, 0, 0, 0, 0, 0, 0, [50, 53, 57], 0, 0, 0, 0, 0, 0, 0, [67, 72, 76], 0, 0, 0, 0, 0, 0, 0, [57, 60, 65], 0, 0, 0, 0, 0, 0, 0, [59, 62, 67], 0, 0, 0, 0, 0, 0, 0, [60, 64, 67], 0, 0, 0, 0, 0, 0, 0, 0, 0, 0, 0, 0, 0, 0, 0]
加花的输出判定为: [0, 0, 0, 0, 0, 0, 0, 0, 0, 0, 0, 0, 0, 0, 0, 0, 0, 0, 0, 0, 0, 0, 0, 0, 0, 0, 0, 0, 0, 0, 0, 0, 0, 0, 0, 0, 0, 0, 0, 0, 0, 0, 0, 0, 0, 0, 3, 3]
加花的最终输出: [0, 0, 0, 0, 0, 0, 0, 0, 0, 0, 0, 0, 0, 0, 0, 0, 0, 0, 0, 0, 0, 0, 0, 0, 0, 0, 0, 0, 0, 0, 0, 0, 0, 0, 0, 0, 0, 0, 0, 0, 0, 0, 0, 0, 0, 0, 0, 0, 0, 0, 0, 0, 0, 0, 0, 0, 0, 0, 0, 0, 0, 0, 0, 0, 0, 0, 0, 0, 0, 0, 0, 0, 0, 0, 0, 0, 0, 0, 0, 0, 0, 0, 0, 0, 0, 0, 0, 0, 0, 0, 0, 0, 0, 0, 0, 0, 0, 0, 0, 0, 0, 0, 0, 0, 0, 0, 0, 0, 0, 0, 0, 0, 0, 0, 0, 0, 0, 0, 0, 0, 0, 0, 0, 0, 0, 0, 0, 0, 0, 0, 0, 0, 0, 0, 0, 0, 0, 0, 0, 0, 0, 0, 0, 0, 0, 0, 0, 0, 0, 0, 0, 0, 0, 0, 0, 0, 0, 0, 0, 0, 0, 0, 0, 0, 0, 0, 0, 0, 0, 0, 0, 0, 0, 0, 0, 0, 0, 0, 0, 0, 0, 0, 0, 0, 0, 0, 0, 0, 0, 0, 0, 0, 0, 0, 0, 0, 0, 0, 0, 0, 0, 0, 0, 0, 0, 0, 0, 0, 0, 0, 0, 0, 0, 0, 0, 0, 0, 0, 0, 0, 0, 0, 0, 0, 0, 0, 0, 0, 0, 0, 0, 0, 0, 0, 0, 0, 0, 0, 0, 0, 0, 0, 0, 0, 0, 0, 0, 0, 0, 0, 0, 0, 0, 0, 0, 0, 0, 0, 0, 0, 0, 0, 0, 0, 0, 0, 0, 0, 0, 0, 0, 0, 0, 0, 0, 0, 0, 0, 0, 0, 0, 0, 0, 0, 0, 0, 0, 0, 0, 0, 0, 0, 0, 0, 0, 0, 0, 0, 0, 0, 0, 0, 0, 0, 0, 0, 0, 0, 0, 0, 0, 0, 0, 0, 0, 0, 0, 0, 0, 0, 0, 0, 0, 0, 0, 0, 0, 0, 0, 0, 0, 0, 0, 0, 0, 0, 0, 0, 0, 0, 0, 0, 0, 0, 0, 0, 0, 0, 0, 0, 0, 0, 0, 0, 0, 0, 0, 0, 0, 0, 0, 0, 0, 0, 0, 0, 0, 0, 0, 0, 0, 0, 0, 0, 0, 0, [76], 0, 0, 0, [72], 0, 0, 0]
