Restoring of melody associated data has finished!
Restoring of intro and interlude associated data has finished!
Restoring of chord associated data has finished!
Restoring of bass associated data has finished!
Restoring of piano_guitar associated data has finished!
Restoring of string associated data has finished!
Restoring of fill associated data has finished!
平均音高的十个中心点分别为: array([64.5274 , 68.88931, 71.59106, 73.43156, 75.04601, 76.59607,
       78.07177, 79.70886, 81.50549, 84.96061], dtype=float32)
第1次生成开始: 主旋律开始的组合编码是3, 组合为[76, 0, 0, 0, 0, 0, 0, 0]
在第48个pattern, 主旋律第00次打回,收束不符合要求, 最后四拍音符为[0, 0, 0, 0, 81, 0, 0, 0, 79, 0, 0, 0, 0, 0, 0, 0, 76, 0, 0, 0, 77, 0, 0, 0, 79, 0, 0, 0, 0, 0, 0, 0]
在第48个pattern, 主旋律第01次打回，音高变化的分数为1.6023,高于临界值1.5625
在第47个步长, 主旋律第02次打回，难以选出不雷同的组合, 最后四拍音符为[72, 0, 0, 0, 0, 0, 0, 0, 81, 0, 0, 0, 81, 0, 0, 0, 81, 0, 0, 0, 81, 0, 0, 0, 77, 0, 0, 0, 0, 0, 0, 0]
在第48个pattern, 主旋律第03次打回,收束不符合要求, 最后四拍音符为[81, 0, 0, 0, 81, 0, 0, 0, 81, 0, 0, 0, 81, 0, 0, 0, 81, 0, 0, 0, 81, 0, 0, 0, 77, 0, 0, 0, 0, 0, 0, 0]
在第48个pattern, 主旋律第04次打回,收束不符合要求, 最后四拍音符为[79, 0, 0, 0, 0, 0, 0, 0, 0, 0, 0, 0, 0, 0, 0, 0, 0, 0, 0, 0, 0, 0, 0, 0, 81, 0, 0, 0, 0, 0, 0, 0]
在第46个步长, 主旋律第05次打回，难以选出不雷同的组合, 最后四拍音符为[76, 0, 0, 0, 0, 0, 0, 0, 0, 0, 0, 0, 74, 0, 0, 0, 79, 0, 0, 0, 0, 0, 0, 0, 81, 0, 0, 0, 84, 0, 0, 0]
在第48个pattern, 主旋律第06次打回,收束不符合要求, 最后四拍音符为[72, 0, 0, 0, 0, 0, 0, 0, 0, 0, 0, 0, 0, 0, 0, 0, 72, 0, 0, 0, 0, 0, 0, 0, 0, 0, 0, 0, 74, 0, 0, 0]
主旋律的输出:[76, 0, 0, 0, 0, 0, 0, 0, 0, 0, 0, 0, 84, 0, 0, 0, 81, 0, 0, 0, 0, 0, 0, 0, 79, 0, 0, 0, 0, 0, 0, 0, 76, 0, 0, 0, 79, 0, 0, 0, 81, 0, 0, 0, 0, 0, 0, 0, 0, 0, 0, 0, 0, 0, 0, 0, 83, 0, 0, 0, 0, 0, 81, 0, 81, 0, 0, 0, 79, 0, 0, 0, 83, 0, 0, 0, 0, 0, 81, 0, 79, 0, 0, 0, 76, 0, 0, 0, 74, 0, 0, 0, 74, 0, 0, 0, 71, 0, 0, 0, 69, 0, 0, 0, 76, 0, 0, 0, 79, 0, 0, 0, 0, 0, 0, 0, 76, 0, 0, 0, 74, 0, 0, 0, 0, 0, 0, 0, 86, 0, 0, 0, 86, 0, 0, 0, 74, 0, 0, 0, 76, 0, 0, 0, 74, 0, 0, 0, 0, 0, 0, 0, 76, 0, 0, 0, 79, 0, 0, 0, 77, 0, 0, 0, 77, 0, 0, 0, 76, 0, 0, 0, 74, 0, 0, 0, 71, 0, 0, 0, 0, 0, 0, 0, 74, 0, 0, 0, 0, 0, 0, 0, 72, 0, 0, 0, 74, 0, 0, 0, 76, 0, 0, 0, 77, 0, 0, 0, 79, 0, 0, 0, 0, 0, 0, 0, 76, 0, 0, 0, 72, 0, 0, 0, 76, 0, 0, 0, 72, 0, 0, 0, 74, 0, 0, 0, 0, 0, 0, 0, 0, 0, 0, 0, 0, 0, 0, 0, 76, 0, 0, 0, 76, 0, 0, 0, 76, 0, 0, 0, 72, 0, 0, 0, 79, 0, 0, 0, 0, 0, 0, 0, 79, 0, 0, 0, 76, 0, 0, 0, 76, 0, 0, 0, 72, 0, 0, 0, 67, 0, 0, 0, 0, 0, 0, 0, 0, 0, 0, 0, 0, 0, 0, 0, 0, 0, 0, 0, 0, 0, 0, 0, 0, 0, 0, 0, 0, 0, 0, 0, 72, 0, 0, 0, 0, 0, 0, 0, 74, 0, 0, 0, 0, 0, 76, 0, 79, 0, 0, 0, 0, 0, 0, 0, 0, 0, 0, 0, 0, 0, 0, 0, 76, 0, 0, 0, 0, 0, 0, 0, 0, 0, 0, 0, 76, 0, 0, 0, 79, 0, 0, 0, 0, 0, 0, 0, 84, 0, 0, 0, 0, 0, 0, 0]



在第20拍, 预测方法选择了两个不同的和弦，编码分别是31和56
在第20拍, 和弦已经被替换为编码31, 它在数组中的位置为26
在第32拍, 和弦第0次未通过同时期主旋律转化频率验证。和弦的损失函数值为5.4285，而临界值为5.1700
在第28拍, 预测方法选择了两个不同的和弦，编码分别是43和17
在第28拍, 和弦已经被替换为编码43, 它在数组中的位置为4
在第32拍, 和弦第1次未通过同时期主旋律转化频率验证。和弦的损失函数值为5.4285，而临界值为5.1700
在第32拍, 和弦第2次未通过同时期主旋律转化频率验证。和弦的损失函数值为5.4285，而临界值为5.1700
在第28拍, 预测方法选择了两个不同的和弦，编码分别是43和26
在第28拍, 和弦已经被替换为编码26, 它在数组中的位置为27
在第48拍, 和弦第00次打回，收束不是1级大和弦或6级小和弦, 最后八拍和弦为[31, 31, 43, 43, 56, 56, 43, 43]
在第48拍, 和弦第01次打回，收束不是1级大和弦或6级小和弦, 最后八拍和弦为[31, 31, 43, 43, 56, 56, 43, 43]
和弦的输出: [1, 1, 1, 1, 1, 1, 43, 43, 43, 43, 43, 43, 1, 1, 43, 43, 1, 1, 43, 43, 31, 31, 43, 43, 1, 1, 1, 1, 26, 26, 56, 56, 14, 14, 26, 26, 26, 26, 26, 26, 31, 31, 1, 1, 1, 1, 1, 1]



鼓点组合的输出: [269, 269, 27, 45, 27, 45, 27, 45, 27, 45, 27, 45, 27, 45, 27, 45, 27, 45, 27, 27, 27, 27, 27, 27]
鼓点的输出: [27, 0, 0, 0, 0, 0, 0, 0, 150, 0, 0, 0, 0, 0, 0, 0, 27, 0, 0, 0, 0, 0, 0, 0, 150, 0, 0, 0, 0, 0, 0, 0, 175, 0, 0, 0, 12, 0, 0, 0, 175, 0, 0, 0, 12, 0, 0, 0, 175, 0, 0, 0, 12, 0, 0, 0, 175, 0, 0, 0, 12, 0, 4, 0, 175, 0, 0, 0, 12, 0, 0, 0, 175, 0, 0, 0, 12, 0, 0, 0, 175, 0, 0, 0, 12, 0, 0, 0, 175, 0, 0, 0, 12, 0, 4, 0, 175, 0, 0, 0, 12, 0, 0, 0, 175, 0, 0, 0, 12, 0, 0, 0, 175, 0, 0, 0, 12, 0, 0, 0, 175, 0, 0, 0, 12, 0, 4, 0, 175, 0, 0, 0, 12, 0, 0, 0, 175, 0, 0, 0, 12, 0, 0, 0, 175, 0, 0, 0, 12, 0, 0, 0, 175, 0, 0, 0, 12, 0, 4, 0, 175, 0, 0, 0, 12, 0, 0, 0, 175, 0, 0, 0, 12, 0, 0, 0, 175, 0, 0, 0, 12, 0, 0, 0, 175, 0, 0, 0, 12, 0, 4, 0, 175, 0, 0, 0, 12, 0, 0, 0, 175, 0, 0, 0, 12, 0, 0, 0, 175, 0, 0, 0, 12, 0, 0, 0, 175, 0, 0, 0, 12, 0, 4, 0, 175, 0, 0, 0, 12, 0, 0, 0, 175, 0, 0, 0, 12, 0, 0, 0, 175, 0, 0, 0, 12, 0, 0, 0, 175, 0, 0, 0, 12, 0, 4, 0, 175, 0, 0, 0, 12, 0, 0, 0, 175, 0, 0, 0, 12, 0, 0, 0, 175, 0, 0, 0, 12, 0, 0, 0, 175, 0, 0, 0, 12, 0, 4, 0, 175, 0, 0, 0, 12, 0, 0, 0, 175, 0, 0, 0, 12, 0, 0, 0, 175, 0, 0, 0, 12, 0, 0, 0, 175, 0, 0, 0, 12, 0, 0, 0, 175, 0, 0, 0, 12, 0, 0, 0, 175, 0, 0, 0, 12, 0, 0, 0, 175, 0, 0, 0, 12, 0, 0, 0, 175, 0, 0, 0, 12, 0, 0, 0, 175, 0, 0, 0, 12, 0, 0, 0, 175, 0, 0, 0, 12, 0, 0, 0, 175, 0, 0, 0, 12, 0, 0, 0, 175, 0, 0, 0, 12, 0, 0, 0]



bass的输出: [[36], 0, 0, 0, 0, 0, 0, 0, 0, 0, 0, 0, [36], 0, 0, 0, [36], 0, 0, 0, 0, 0, 0, 0, 0, 0, 0, 0, [36], 0, 0, 0, [36], 0, 0, 0, 0, 0, 0, 0, 0, 0, 0, 0, [36], 0, 0, 0, 0, 0, 0, 0, [31], 0, 0, 0, 0, 0, 0, 0, [31], 0, 0, 0, [31], 0, 0, 0, 0, 0, 0, 0, 0, 0, 0, 0, [31], 0, 0, 0, [31], 0, 0, 0, 0, 0, 0, 0, 0, 0, 0, 0, [31], 0, 0, 0, [36], 0, 0, 0, 0, 0, 0, 0, 0, 0, 0, 0, [36], 0, 0, 0, [31], 0, 0, 0, 0, 0, 0, 0, [31], 0, 0, 0, 0, 0, 0, 0, [36], 0, 0, 0, 0, 0, 0, 0, 0, 0, 0, 0, [36], 0, 0, 0, [31], 0, 0, 0, 0, 0, 0, 0, 0, 0, 0, 0, 0, 0, 0, 0, [29], 0, 0, 0, 0, 0, 0, 0, 0, 0, 0, 0, [29], 0, 0, 0, [31], 0, 0, 0, 0, 0, 0, 0, 0, 0, 0, 0, [31], 0, 0, 0, [36], 0, 0, 0, 0, 0, 0, 0, 0, 0, 0, 0, [36], 0, 0, 0, [36], 0, 0, 0, 0, 0, 0, 0, 0, 0, 0, 0, [36], 0, 0, 0, [40], 0, 0, 0, 0, 0, 0, 0, 0, 0, 0, 0, [40], 0, 0, 0, [33], 0, 0, 0, 0, 0, 0, 0, 0, 0, 0, 0, 0, 0, 0, 0, [38], 0, 0, 0, 0, 0, 0, 0, 0, 0, 0, 0, [38], 0, 0, 0, [40], 0, 0, 0, 0, 0, 0, 0, 0, 0, 0, 0, [40], 0, 0, 0, [40], 0, 0, 0, 0, 0, 0, 0, 0, 0, 0, 0, [40], 0, 0, 0, [40], 0, 0, 0, 0, 0, 0, 0, [40], 0, 0, 0, 0, 0, 0, 0, [41], 0, 0, 0, 0, 0, 0, 0, 0, 0, 0, 0, [41], 0, 0, 0, [36], 0, 0, 0, 0, 0, 0, 0, 0, 0, 0, 0, [36], 0, 0, 0, [36], 0, 0, 0, 0, 0, 0, 0, 0, 0, 0, 0, [36], 0, 0, 0, [36], 0, 0, 0, 0, 0, 0, 0, [31], 0, 0, 0, 0, 0, 0, 0]
第12拍, piano_guitar的误差分数为1.7223, 高于临界值0.9912
第12拍, piano_guitar的误差分数为1.8746, 高于临界值0.9912
第44拍, piano_guitar的误差分数为1.1250, 高于临界值0.9912
piano_guitar的输出: [[36], 0, [48], 0, [55], 0, [60], 0, [48], [52], [55], [60], [48], 0, [55, 60], 0, [48], [52], [55], [60], [48, 52, 55], 0, 0, 0, [55], 0, [59, 62, 67], 0, [55], 0, [59, 62, 67], 0, 0, 0, [47, 50, 55], 0, 0, 0, [47, 50, 55], 0, 0, 0, [47, 50, 55], 0, 0, 0, [47, 50, 55], 0, 0, 0, [52, 55, 60], 0, 0, 0, [52, 55, 60], 0, 0, 0, [47, 50, 55], 0, 0, 0, [47, 50, 55], 0, 0, 0, [52, 55, 60], 0, 0, 0, [52, 55, 60], 0, 0, 0, [47, 50, 55], 0, 0, 0, [47, 50, 55], 0, 0, 0, [45, 48, 53], 0, 0, 0, [45, 48, 53], 0, 0, 0, [47, 50, 55], 0, 0, 0, [47, 50, 55], 0, 0, 0, [55, 60, 64], 0, 0, 0, [55, 60, 64], 0, 0, 0, [55, 60, 64], 0, 0, 0, [55, 60, 64], 0, 0, 0, [59, 64, 67], 0, 0, 0, [59, 64, 67], 0, 0, 0, [52, 57, 60], 0, 0, 0, [57, 60, 64], 0, 0, 0, [62, 65, 69], 0, 0, 0, [62, 65, 69], 0, 0, 0, [59, 64, 67], 0, 0, 0, [59, 64, 67], 0, 0, 0, [59, 64, 67], 0, 0, 0, [59, 64, 67], 0, 0, 0, [59, 64, 67], 0, 0, 0, [59, 64, 67], 0, 0, 0, [53, 57, 60], [53, 57, 60], 0, 0, [60, 65, 69], [60, 65, 69], 0, 0, [55, 60, 64], [55, 60, 64], 0, 0, [55, 60, 64], [55, 60, 64], 0, 0, [55, 60, 64], [55, 60, 64], 0, 0, [55, 60, 64], [55, 60, 64], 0, 0, [55, 60, 64], [55, 60, 64], 0, 0, [55, 60, 64], [55, 60, 64]]
第12拍, string的误差分数为17.0210, 高于临界值2.0475
string的输出: [[64, 72, 79], 0, 0, 0, 0, 0, 0, 0, 0, 0, 0, 0, 0, 0, 0, 0, [48], 0, 0, 0, 0, 0, 0, 0, 0, 0, 0, 0, [43], 0, 0, 0, 0, 0, 0, 0, 0, 0, 0, 0, 0, 0, 0, 0, 0, 0, 0, 0, [55, 60, 64], 0, 0, 0, 0, 0, 0, 0, [47, 50, 55], 0, 0, 0, 0, 0, 0, 0, [60, 64, 67], 0, 0, 0, 0, 0, 0, 0, [59, 62, 67], 0, 0, 0, 0, 0, 0, 0, [57, 60, 65], 0, 0, 0, 0, 0, 0, 0, [59, 62, 67], 0, 0, 0, 0, 0, 0, 0, [60, 64, 67], 0, 0, 0, 0, 0, 0, 0, [60, 64], 0, [60, 64], 0, [60, 64], 0, [60, 64], 0, [55, 59, 64], 0, 0, 0, 0, 0, 0, 0, [64, 69, 72], 0, 0, 0, 0, 0, 0, 0, [62, 65, 69], 0, 0, 0, 0, 0, 0, 0, [64, 67, 71], 0, 0, 0, 0, 0, 0, 0, [64, 67, 71], 0, 0, 0, 0, 0, 0, 0, 0, 0, 0, 0, 0, 0, 0, 0, [57, 60, 65], 0, 0, 0, 0, 0, 0, 0, [60, 64, 67], 0, 0, 0, 0, 0, 0, 0, [60, 64, 67], 0, 0, 0, 0, 0, 0, 0, 0, 0, 0, 0, 0, 0, 0, 0]
加花的输出判定为: [0, 0, 0, 0, 0, 0, 0, 0, 0, 0, 0, 0, 0, 0, 0, 0, 0, 0, 0, 2, 0, 0, 0, 0, 0, 0, 0, 0, 0, 0, 0, 0, 0, 0, 0, 0, 0, 0, 0, 0, 0, 0, 0, 0, 0, 0, 0, 0]
加花已连续生成失败0次
加花的输出判定为: [2, 0, 0, 0, 2, 2, 2, 0, 2, 0, 0, 2, 0, 0, 2, 2, 2, 0, 0, 0, 2, 0, 0, 0, 2, 0, 0, 2, 2, 0, 0, 0, 0, 0, 0, 0, 3, 3, 3, 3, 2, 2, 2, 0, 2, 0, 3, 0]
加花已连续生成失败1次
加花的输出判定为: [0, 2, 2, 0, 2, 0, 3, 3, 0, 0, 2, 0, 0, 0, 1, 1, 0, 1, 1, 0, 0, 0, 1, 1, 0, 0, 3, 3, 0, 0, 3, 0, 0, 0, 2, 0, 2, 0, 3, 3, 0, 0, 2, 0, 1, 1, 1, 1]
加花的最终输出: [0, 0, 0, 0, 0, 0, 0, 0, 0, 0, 0, 0, [67], 0, 0, 0, [60], 0, 0, 0, 0, 0, 0, 0, 0, 0, 0, 0, 0, 0, 0, 0, [60], 0, [59], 0, [60], 0, 0, 0, 0, 0, 0, 0, 0, 0, 0, 0, 0, 0, 0, 0, [59, 67], 0, [62], 0, [59], 0, 0, 0, [55], 0, 0, 0, 0, 0, 0, 0, 0, 0, 0, 0, 0, 0, 0, 0, 0, 0, 0, 0, [62], 0, 0, 0, 0, 0, 0, 0, 0, 0, 0, 0, 0, 0, 0, 0, 0, 0, 0, 0, 0, 0, 0, 0, 0, 0, 0, 0, 0, 0, 0, 0, [62], 0, [55], 0, [59], 0, [62], 0, [62], 0, [55], 0, [59], 0, [62], 0, 0, 0, 0, 0, 0, 0, 0, 0, [52], 0, [52], 0, [60], 0, [60], 0, [62], 0, [60], 0, [62], 0, [64], 0, 0, 0, 0, 0, 0, 0, 0, 0, 0, 0, 0, 0, 0, 0, 0, 0, 0, 0, 0, 0, 0, 0, 0, 0, [62], 0, [55], 0, [59], 0, [62], 0, [62], 0, [55], 0, [59], 0, [62], 0, 0, 0, 0, 0, 0, 0, 0, 0, 0, 0, 0, 0, 0, 0, 0, 0, 0, 0, 0, 0, [55, 67], 0, [55, 67], 0, [72], 0, 0, 0, 0, 0, 0, 0, 0, 0, 0, 0, 0, 0, 0, 0, 0, 0, 0, 0, 0, 0, 0, 0, 0, 0, 0, 0, [60], 0, 0, 0, 0, 0, 0, 0, 0, 0, 0, 0, 0, 0, 0, 0, 0, 0, 0, 0, 0, 0, 0, 0, 0, 0, 0, 0, 0, 0, 0, 0, [62], 0, 0, 0, 0, 0, 0, 0, 0, 0, 0, 0, [64], 0, 0, 0, 0, 0, 0, 0, 0, 0, 0, 0, 0, 0, 0, 0, [64], 0, 0, 0, 0, 0, 0, 0, [64], 0, 0, 0, 0, 0, 0, 0, 0, 0, 0, 0, 0, 0, 0, 0, 0, 0, 0, 0, 0, 0, 0, 0, [64], 0, 0, 0, 0, 0, 0, 0, 0, 0, 0, 0, 0, 0, 0, 0, [52], 0, [55], 0, [60], 0, [64], 0, [60], 0, [55], 0, [52], 0, [55], 0, [76], 0, [79], 0, [84], 0, [88], 0, [84], 0, [79], 0, [76], 0, [72], 0]
