Restoring of melody associated data has finished!
Restoring of intro and interlude associated data has finished!
Restoring of chord associated data has finished!
Restoring of bass associated data has finished!
Restoring of piano_guitar associated data has finished!
Restoring of string associated data has finished!
Restoring of fill associated data has finished!
平均音高的十个中心点分别为: array([64.5274 , 68.88931, 71.59106, 73.43156, 75.04601, 76.59607,
       78.07177, 79.70886, 81.50549, 84.96061], dtype=float32)
第1次生成开始: 主旋律开始的组合编码是4, 组合为[74, 0, 0, 0, 0, 0, 0, 0]
在第28个pattern, 主旋律第00次打回，按键位置有异常, 最后四拍音符为[0, 0, 0, 0, 72, 0, 0, 0, 81, 0, 0, 0, 0, 0, 0, 0, 0, 0, 0, 0, 79, 0, 0, 0, 0, 0, 0, 0, 0, 0, 0, 0]
在第48个pattern, 主旋律第01次打回，音高变化的分数为2.0341,高于临界值1.5625
在第48个pattern, 主旋律第02次打回,收束不符合要求, 最后四拍音符为[67, 0, 0, 0, 0, 0, 0, 0, 0, 0, 0, 0, 0, 0, 0, 0, 67, 0, 0, 0, 67, 0, 0, 0, 69, 0, 0, 0, 71, 0, 0, 0]
在第48个pattern, 主旋律第03次打回,收束不符合要求, 最后四拍音符为[72, 0, 0, 0, 74, 0, 0, 0, 0, 0, 0, 0, 0, 0, 0, 0, 0, 0, 0, 0, 0, 0, 0, 0, 0, 0, 0, 0, 0, 0, 0, 0]
在第48个pattern, 主旋律第04次打回,收束不符合要求, 最后四拍音符为[77, 0, 0, 0, 0, 0, 0, 0, 0, 0, 0, 0, 0, 0, 0, 0, 72, 0, 0, 0, 0, 0, 0, 0, 72, 0, 0, 0, 74, 0, 0, 0]
主旋律的输出:[74, 0, 0, 0, 0, 0, 0, 0, 0, 0, 0, 0, 74, 0, 0, 0, 74, 0, 0, 0, 76, 0, 0, 0, 77, 0, 0, 0, 81, 0, 0, 0, 79, 0, 0, 0, 0, 0, 0, 0, 0, 0, 0, 0, 67, 0, 0, 0, 76, 0, 0, 0, 76, 0, 0, 0, 76, 0, 0, 0, 79, 0, 0, 0, 79, 0, 0, 0, 0, 0, 0, 0, 0, 0, 0, 0, 0, 0, 0, 0, 77, 0, 0, 0, 0, 0, 0, 0, 0, 0, 0, 0, 77, 0, 0, 0, 74, 0, 0, 0, 0, 0, 0, 0, 74, 0, 0, 0, 0, 0, 0, 0, 0, 0, 0, 0, 0, 0, 0, 0, 0, 0, 0, 0, 0, 0, 0, 0, 0, 0, 0, 0, 0, 0, 0, 0, 74, 0, 0, 0, 72, 0, 0, 0, 74, 0, 0, 0, 67, 0, 0, 0, 69, 0, 0, 0, 71, 0, 0, 0, 0, 0, 0, 0, 72, 0, 0, 0, 74, 0, 0, 0, 72, 0, 0, 0, 69, 0, 0, 0, 69, 0, 0, 0, 0, 0, 0, 0, 74, 0, 0, 0, 0, 0, 0, 0, 72, 0, 0, 0, 65, 0, 0, 0, 64, 0, 0, 0, 0, 0, 0, 0, 0, 0, 0, 0, 0, 0, 0, 0, 0, 0, 0, 0, 81, 0, 0, 0, 79, 0, 0, 0, 76, 0, 0, 0, 72, 0, 0, 0, 74, 0, 0, 0, 0, 0, 0, 0, 0, 0, 0, 0, 0, 0, 0, 0, 0, 0, 0, 0, 67, 0, 0, 0, 76, 0, 0, 0, 76, 0, 0, 0, 76, 0, 0, 0, 76, 0, 0, 0, 76, 0, 0, 0, 0, 0, 0, 0, 79, 0, 0, 0, 79, 0, 0, 0, 0, 0, 0, 0, 0, 0, 0, 0, 76, 0, 0, 0, 79, 0, 0, 0, 81, 0, 0, 0, 0, 0, 0, 0, 72, 0, 0, 0, 0, 0, 0, 0, 81, 0, 0, 0, 81, 0, 0, 0, 79, 0, 0, 0, 0, 0, 0, 0, 77, 0, 0, 0, 76, 0, 0, 0, 74, 0, 0, 0, 72, 0, 0, 0, 74, 0, 0, 0, 0, 0, 0, 0, 0, 0, 0, 0, 0, 0, 0, 0, 72, 0, 0, 0, 0, 0, 0, 0]



在第24拍, 和弦第0次未通过同时期主旋律转化频率验证。和弦的损失函数值为12.8520，而临界值为9.1800
在第24拍, 和弦第1次未通过同时期主旋律转化频率验证。和弦的损失函数值为9.6390，而临界值为9.1800
在第48拍, 和弦第0次未通过同时期主旋律转化频率验证。和弦的损失函数值为9.6390，而临界值为9.1800
在第48拍, 和弦第1次未通过同时期主旋律转化频率验证。和弦的损失函数值为9.6390，而临界值为9.1800
在第48拍, 和弦第2次未通过同时期主旋律转化频率验证。和弦的损失函数值为9.6390，而临界值为9.1800
在第48拍, 和弦第00次打回，收束不是1级大和弦或6级小和弦, 最后八拍和弦为[56, 56, 14, 14, 43, 43, 31, 31]
在第48拍, 和弦第01次打回，收束不是1级大和弦或6级小和弦, 最后八拍和弦为[56, 56, 14, 14, 43, 43, 31, 31]
在第48拍, 和弦第02次打回，收束不是1级大和弦或6级小和弦, 最后八拍和弦为[56, 56, 14, 14, 43, 43, 31, 31]
在第48拍, 和弦第3次未通过同时期主旋律转化频率验证。和弦的损失函数值为9.6390，而临界值为9.1800
在第48拍, 和弦第03次打回，收束不是1级大和弦或6级小和弦, 最后八拍和弦为[56, 56, 43, 43, 13, 13, 101, 101]
在第46拍, 预测方法选择了两个不同的和弦，编码分别是56和1
在第46拍, 和弦已经被替换为编码56, 它在数组中的位置为8
在第48拍, 和弦第04次打回，收束不是1级大和弦或6级小和弦, 最后八拍和弦为[56, 56, 43, 43, 56, 56, 56, 56]
在第48拍, 和弦第4次未通过同时期主旋律转化频率验证。和弦的损失函数值为9.6390，而临界值为9.1800
在第48拍, 和弦第05次打回，收束不是1级大和弦或6级小和弦, 最后八拍和弦为[56, 56, 43, 43, 13, 13, 13, 13]
在第48拍, 和弦第06次打回，收束不是1级大和弦或6级小和弦, 最后八拍和弦为[56, 56, 14, 14, 43, 43, 31, 31]
在第48拍, 和弦第07次打回，收束不是1级大和弦或6级小和弦, 最后八拍和弦为[56, 56, 43, 43, 13, 13, 5, 5]
在第48拍, 和弦第5次未通过同时期主旋律转化频率验证。和弦的损失函数值为9.6390，而临界值为9.1800
在第44拍, 预测方法选择了两个不同的和弦，编码分别是1和73
在第44拍, 和弦已经被替换为编码1, 它在数组中的位置为3
和弦的输出: [14, 14, 14, 14, 1, 1, 1, 1, 43, 43, 43, 43, 14, 14, 14, 14, 14, 14, 14, 14, 56, 56, 56, 56, 56, 56, 56, 56, 56, 56, 14, 14, 43, 43, 56, 56, 43, 43, 1, 1, 56, 56, 43, 43, 1, 1, 1, 1]



鼓点组合的输出: [29, 29, 29, 29, 29, 29, 29, 29, 29, 29, 29, 29, 29, 29, 29, 29, 29, 29, 29, 29, 29, 29, 29, 29]
鼓点的输出: [154, 0, 0, 0, 134, 0, 0, 0, 133, 0, 0, 0, 61, 0, 0, 0, 154, 0, 0, 0, 134, 0, 0, 0, 133, 0, 0, 0, 61, 0, 0, 0, 154, 0, 0, 0, 134, 0, 0, 0, 133, 0, 0, 0, 61, 0, 0, 0, 154, 0, 0, 0, 134, 0, 0, 0, 133, 0, 0, 0, 61, 0, 0, 0, 154, 0, 0, 0, 134, 0, 0, 0, 133, 0, 0, 0, 61, 0, 0, 0, 154, 0, 0, 0, 134, 0, 0, 0, 133, 0, 0, 0, 61, 0, 0, 0, 154, 0, 0, 0, 134, 0, 0, 0, 133, 0, 0, 0, 61, 0, 0, 0, 154, 0, 0, 0, 134, 0, 0, 0, 133, 0, 0, 0, 61, 0, 0, 0, 154, 0, 0, 0, 134, 0, 0, 0, 133, 0, 0, 0, 61, 0, 0, 0, 154, 0, 0, 0, 134, 0, 0, 0, 133, 0, 0, 0, 61, 0, 0, 0, 154, 0, 0, 0, 134, 0, 0, 0, 133, 0, 0, 0, 61, 0, 0, 0, 154, 0, 0, 0, 134, 0, 0, 0, 133, 0, 0, 0, 61, 0, 0, 0, 154, 0, 0, 0, 134, 0, 0, 0, 133, 0, 0, 0, 61, 0, 0, 0, 154, 0, 0, 0, 134, 0, 0, 0, 133, 0, 0, 0, 61, 0, 0, 0, 154, 0, 0, 0, 134, 0, 0, 0, 133, 0, 0, 0, 61, 0, 0, 0, 154, 0, 0, 0, 134, 0, 0, 0, 133, 0, 0, 0, 61, 0, 0, 0, 154, 0, 0, 0, 134, 0, 0, 0, 133, 0, 0, 0, 61, 0, 0, 0, 154, 0, 0, 0, 134, 0, 0, 0, 133, 0, 0, 0, 61, 0, 0, 0, 154, 0, 0, 0, 134, 0, 0, 0, 133, 0, 0, 0, 61, 0, 0, 0, 154, 0, 0, 0, 134, 0, 0, 0, 133, 0, 0, 0, 61, 0, 0, 0, 154, 0, 0, 0, 134, 0, 0, 0, 133, 0, 0, 0, 61, 0, 0, 0, 154, 0, 0, 0, 134, 0, 0, 0, 133, 0, 0, 0, 61, 0, 0, 0, 154, 0, 0, 0, 134, 0, 0, 0, 133, 0, 0, 0, 61, 0, 0, 0, 154, 0, 0, 0, 134, 0, 0, 0, 133, 0, 0, 0, 61, 0, 0, 0]



bass的输出: [[38], 0, 0, 0, 0, 0, 0, 0, [33], 0, 0, 0, 0, 0, 0, 0, [38], 0, 0, 0, 0, 0, 0, 0, [33], 0, 0, 0, 0, 0, 0, 0, [36], 0, 0, 0, 0, 0, 0, 0, [31], 0, 0, 0, 0, 0, 0, 0, [36], 0, 0, 0, 0, 0, 0, 0, [31], 0, 0, 0, 0, 0, 0, 0, [31], 0, 0, 0, 0, 0, 0, 0, 0, 0, 0, 0, [31], 0, 0, 0, [35], 0, 0, 0, 0, 0, 0, 0, [31], 0, 0, 0, 0, 0, 0, 0, [38], 0, 0, 0, 0, 0, 0, 0, 0, 0, 0, 0, [38], 0, 0, 0, [33], 0, 0, 0, 0, 0, 0, 0, [38], 0, 0, 0, 0, 0, 0, 0, [38], 0, 0, 0, 0, 0, 0, 0, 0, 0, 0, 0, [38], 0, 0, 0, [33], 0, 0, 0, 0, 0, 0, 0, 0, 0, 0, 0, [33], 0, 0, 0, [33], 0, 0, 0, 0, 0, 0, 0, 0, 0, 0, 0, [33], 0, 0, 0, [33], 0, 0, 0, 0, 0, 0, 0, 0, 0, 0, 0, [33], 0, 0, 0, [33], 0, 0, 0, 0, 0, 0, 0, 0, 0, 0, 0, [33], 0, 0, 0, [33], 0, 0, 0, 0, 0, 0, 0, 0, 0, 0, 0, [33], 0, 0, 0, [33], 0, 0, 0, 0, 0, 0, 0, 0, 0, 0, 0, [33], 0, 0, 0, [38], 0, 0, 0, 0, 0, 0, 0, 0, 0, 0, 0, [38], 0, 0, 0, [31], 0, 0, 0, [31], 0, 0, 0, 0, 0, 0, 0, [31], 0, 0, 0, [33], 0, 0, 0, [33], 0, 0, 0, 0, 0, 0, 0, [33], 0, 0, 0, [43], 0, 0, 0, 0, 0, 0, 0, 0, 0, 0, 0, [47], 0, 0, 0, [36], 0, 0, 0, 0, 0, 0, 0, [36], 0, 0, 0, 0, 0, 0, 0, [33], 0, 0, 0, 0, 0, 0, 0, [28], 0, 0, 0, 0, 0, 0, 0, [31], 0, 0, 0, 0, 0, 0, 0, [26], 0, 0, 0, 0, 0, 0, 0, [36], 0, 0, 0, 0, 0, 0, 0, [31], 0, 0, 0, 0, 0, 0, 0, [36], 0, 0, 0, 0, 0, 0, 0, [43], 0, 0, 0, 0, 0, 0, 0]
第12拍, piano_guitar的误差分数为3.5072, 高于临界值0.9912
第20拍, piano_guitar的误差分数为1.0000, 高于临界值0.9912
第36拍, piano_guitar的误差分数为1.2046, 高于临界值0.9912
第36拍, piano_guitar的误差分数为1.2046, 高于临界值0.9912
第36拍, piano_guitar的误差分数为3.6969, 高于临界值0.9912
第36拍, piano_guitar的误差分数为1.1668, 高于临界值0.9912
第36拍, piano_guitar的误差分数为1.0255, 高于临界值0.9912
piano_guitar的输出: [[38, 50], 0, 0, 0, 0, 0, 0, 0, [50, 53, 57, 62], 0, 0, 0, 0, 0, 0, 0, 0, 0, [60, 64, 67, 72], 0, [48], 0, [55, 60, 64], 0, [36], 0, [48, 52, 55], 0, [36], 0, [48, 52, 55], 0, [55, 59, 62], 0, [55, 59, 62], 0, [59, 62], 0, [43], 0, [43], 0, [59, 62], 0, [43], 0, [62, 67, 71], 0, [38], 0, [50, 53, 57], 0, [38], 0, [50, 53, 57], 0, [38], 0, [50, 53, 57], 0, [38], 0, [50, 53, 57], 0, [38], 0, [50, 53, 57], 0, [50, 57, 62, 65], 0, 0, 0, [45], 0, [57, 62], 0, [53, 57, 62], 0, 0, 0, [45, 52], 0, 0, 0, 0, 0, 0, 0, [33, 40, 45, 48, 52, 57], 0, 0, 0, [57, 60, 64], 0, 0, 0, [57, 60, 64], 0, 0, 0, [57, 60, 64], 0, 0, 0, [57, 60, 64], 0, 0, 0, [57, 60, 64], 0, 0, [57, 60, 64], [57, 60, 64], 0, 0, 0, 0, 0, [60], 0, [74, 77], 0, [69], 0, [45], 0, [57, 62], 0, [43, 55], 0, 0, 0, 0, 0, 0, 0, 0, 0, [72, 76, 81], 0, [48], [52], [55], [60], [67], 0, 0, 0, [62], 0, [67, 71], 0, [67, 72], 0, [60], 0, 0, 0, [55, 60, 64], [55, 60, 64], 0, 0, [57, 60, 64], [57, 60, 64], 0, 0, [57, 60, 64], [57, 60, 64], 0, 0, [55, 59, 62], [55, 59, 62], 0, 0, [55, 59, 62], [55, 59, 62], 0, 0, [55, 60, 64], [55, 60, 64], 0, 0, [60, 64, 67], [60, 64, 67], 0, 0, [55, 60, 64], [55, 60, 64], 0, 0, [55, 60, 64], [55, 60, 64]]
第12拍, string的误差分数为4.4923, 高于临界值2.0475
在第28拍, string第00次打回，与同时期和弦差异太大, 最后八拍音符为[[64, 69, 72], 0, 0, 0, 0, 0, 0, 0, 0, 0, 0, 0, 0, 0, 0, 0, [67], 0, 0, 0, 0, 0, 0, 0, 0, 0, 0, 0, 0, 0, 0, 0]
string的输出: [[50, 53, 57], 0, 0, 0, 0, 0, 0, 0, 0, 0, 0, 0, 0, 0, 0, 0, [48, 52, 55], 0, 0, 0, 0, 0, 0, 0, 0, 0, 0, 0, 0, 0, 0, 0, [43, 62, 67, 71], 0, 0, 0, 0, 0, 0, 0, 0, 0, 0, 0, 0, 0, 0, 0, [57, 62, 65, 69], 0, 0, 0, 0, 0, 0, 0, 0, 0, 0, 0, 0, 0, 0, 0, [50, 53, 57], 0, 0, 0, 0, 0, 0, 0, 0, 0, 0, 0, 0, 0, 0, 0, [64, 69, 72], 0, 0, 0, 0, 0, 0, 0, 0, 0, 0, 0, 0, 0, 0, 0, [57], 0, 0, 0, 0, 0, 0, 0, 0, 0, 0, 0, 0, 0, 0, 0, [55], 0, 0, 0, 0, 0, 0, 0, [57], 0, 0, 0, 0, 0, 0, 0, [50, 55, 59], 0, 0, 0, 0, 0, 0, 0, [60, 64, 69], 0, 0, 0, 0, 0, 0, 0, [59, 62, 67], 0, 0, 0, 0, 0, 0, 0, [53, 55, 60], 0, 0, 0, 0, 0, 0, 0, [57, 60, 64, 69], 0, 0, 0, 0, 0, 0, 0, [59, 62, 67], 0, 0, 0, 0, 0, 0, 0, [55, 60, 64], 0, 0, 0, 0, 0, 0, 0, 0, 0, 0, 0, [55, 60, 64], 0, 0, 0]
加花的输出判定为: [2, 2, 2, 2, 2, 0, 0, 0, 2, 0, 2, 0, 0, 0, 0, 0, 2, 0, 0, 0, 2, 0, 0, 0, 2, 0, 0, 0, 2, 0, 0, 0, 0, 0, 2, 2, 2, 0, 2, 2, 2, 0, 2, 2, 0, 0, 2, 2]
加花的最终输出: [[69, 74], 0, 0, 0, [69, 74], 0, 0, 0, [67, 71, 74], 0, 0, 0, 0, 0, 0, 0, [65, 69, 72], 0, 0, 0, [65, 69, 72], 0, 0, 0, [65, 69, 72], 0, 0, 0, 0, 0, 0, 0, [72], 0, 0, 0, 0, 0, 0, 0, 0, 0, 0, 0, 0, 0, 0, 0, 0, 0, 0, 0, 0, 0, 0, 0, 0, 0, 0, 0, 0, 0, 0, 0, [67, 71, 74], 0, 0, 0, 0, 0, 0, 0, 0, 0, 0, 0, 0, 0, 0, 0, [67, 71, 74], 0, 0, 0, 0, 0, 0, 0, 0, 0, 0, 0, 0, 0, 0, 0, 0, 0, 0, 0, 0, 0, 0, 0, 0, 0, 0, 0, 0, 0, 0, 0, 0, 0, 0, 0, 0, 0, 0, 0, 0, 0, 0, 0, 0, 0, 0, 0, [65, 77], 0, 0, 0, 0, 0, 0, 0, 0, 0, 0, 0, 0, 0, 0, 0, 0, 0, 0, 0, 0, 0, 0, 0, 0, 0, 0, 0, 0, 0, 0, 0, 0, 0, 0, 0, [69], 0, 0, 0, 0, 0, 0, 0, 0, 0, 0, 0, 0, 0, 0, 0, 0, 0, 0, 0, 0, 0, 0, 0, 0, 0, 0, 0, 0, 0, 0, 0, [69], 0, 0, 0, 0, 0, 0, 0, 0, 0, 0, 0, 0, 0, 0, 0, 0, 0, 0, 0, 0, 0, 0, 0, 0, 0, 0, 0, [67], 0, 0, 0, [69], 0, 0, 0, 0, 0, 0, 0, 0, 0, 0, 0, 0, 0, 0, 0, 0, 0, 0, 0, 0, 0, 0, 0, 0, 0, 0, 0, 0, 0, 0, 0, 0, 0, 0, 0, 0, 0, 0, 0, 0, 0, 0, 0, [69], 0, 0, 0, 0, 0, 0, 0, [69], 0, 0, 0, [67], 0, 0, 0, [69], 0, 0, 0, 0, 0, 0, 0, 0, 0, 0, 0, 0, 0, 0, 0, [72, 76], 0, 0, 0, 0, 0, 0, 0, [72, 76], 0, 0, 0, 0, 0, 0, 0, [72, 76], 0, 0, 0, 0, 0, 0, 0, 0, 0, 0, 0, 0, 0, 0, 0, [67, 71, 74], 0, 0, 0, 0, 0, 0, 0, [67, 72], 0, 0, 0, 0, 0, 0, 0, 0, 0, 0, 0, 0, 0, 0, 0, 0, 0, 0, 0, 0, 0, 0, 0, [67, 71, 74], 0, 0, 0, 0, 0, 0, 0, [67, 72], 0, 0, 0, 0, 0, 0, 0]
