Restoring of melody associated data has finished!
Restoring of intro and interlude associated data has finished!
Restoring of chord associated data has finished!
Restoring of bass associated data has finished!
Restoring of piano_guitar associated data has finished!
Restoring of string associated data has finished!
Restoring of fill associated data has finished!
平均音高的十个中心点分别为: array([64.5274 , 68.88931, 71.59106, 73.43156, 75.04601, 76.59607,
       78.07177, 79.70886, 81.50549, 84.96061], dtype=float32)
第1次生成开始: 主旋律开始的组合编码是1, 组合为[79, 0, 0, 0, 0, 0, 0, 0]
在第28个pattern, 主旋律第00次打回，音高变化的分数为1.7905,高于临界值1.5625
在第28个pattern, 主旋律第01次打回，音高变化的分数为1.8602,高于临界值1.5625
主旋律的输出:[79, 0, 0, 0, 0, 0, 0, 0, 76, 0, 0, 0, 0, 0, 0, 0, 72, 0, 0, 0, 0, 0, 0, 0, 0, 0, 0, 0, 0, 0, 0, 0, 79, 0, 0, 0, 79, 0, 79, 0, 76, 0, 0, 0, 0, 0, 0, 0, 74, 0, 0, 0, 0, 0, 0, 0, 0, 0, 0, 0, 0, 0, 0, 0, 0, 0, 0, 0, 0, 0, 0, 0, 67, 0, 0, 0, 0, 0, 0, 0, 67, 0, 0, 0, 0, 0, 0, 0, 79, 0, 0, 0, 0, 0, 0, 0, 79, 0, 0, 0, 76, 0, 0, 0, 79, 0, 0, 0, 76, 0, 0, 0, 79, 0, 0, 0, 76, 0, 0, 0, 72, 0, 0, 0, 0, 0, 0, 0, 83, 0, 0, 0, 0, 0, 0, 0, 88, 0, 0, 0, 0, 0, 88, 0, 88, 0, 0, 0, 0, 0, 88, 0, 88, 0, 0, 0, 0, 0, 88, 0, 0, 0, 0, 0, 77, 0, 0, 0, 86, 0, 0, 0, 0, 0, 0, 0, 86, 0, 0, 0, 0, 0, 0, 0, 86, 0, 0, 0, 0, 0, 0, 0, 91, 0, 0, 0, 91, 0, 0, 0, 86, 0, 0, 0, 0, 0, 0, 0, 83, 0, 0, 0, 0, 0, 0, 0, 83, 0, 0, 0, 79, 0, 0, 0, 88, 0, 0, 0, 86, 0, 0, 0, 83, 0, 0, 0, 0, 0, 0, 0, 86, 0, 0, 0, 84, 0, 0, 0, 81, 0, 0, 0, 0, 0, 0, 0, 72, 0, 0, 0, 0, 0, 0, 0, 0, 0, 0, 0, 0, 0, 0, 0, 74, 0, 0, 0, 76, 0, 0, 0, 74, 0, 0, 0, 74, 0, 0, 0, 72, 0, 0, 0, 0, 0, 0, 0, 0, 0, 0, 0, 0, 0, 0, 0, 0, 0, 0, 0, 0, 0, 0, 0, 0, 0, 0, 0, 0, 0, 0, 0]



在第4拍, 预测方法选择了两个不同的和弦，编码分别是31和1
在第4拍, 和弦已经被替换为编码1, 它在数组中的位置为3
在第12拍, 预测方法选择了两个不同的和弦，编码分别是101和56
在第12拍, 和弦已经被替换为编码56, 它在数组中的位置为8
在第14拍, 预测方法选择了两个不同的和弦，编码分别是56和1
在第14拍, 和弦已经被替换为编码56, 它在数组中的位置为8
在第22拍, 预测方法选择了两个不同的和弦，编码分别是56和31
在第22拍, 和弦已经被替换为编码31, 它在数组中的位置为26
在第28拍, 和弦第00次打回，离调和弦比例过高, 最后八拍和弦为[14, 14, 31, 31, 31, 31, 43, 43]
在第32拍, 和弦第0次未通过同时期主旋律转化频率验证。和弦的损失函数值为14.2380，而临界值为13.5600
在第32拍, 和弦第1次未通过同时期主旋律转化频率验证。和弦的损失函数值为14.2380，而临界值为13.5600
在第32拍, 和弦第2次未通过同时期主旋律转化频率验证。和弦的损失函数值为14.2380，而临界值为13.5600
在第24拍, 预测方法选择了两个不同的和弦，编码分别是14和31
在第24拍, 和弦已经被替换为编码14, 它在数组中的位置为12
和弦的输出: [1, 1, 1, 1, 1, 1, 43, 43, 31, 31, 43, 43, 56, 56, 56, 56, 56, 56, 56, 56, 14, 14, 43, 43, 14, 14, 43, 43, 43, 43, 1, 1, 1, 1, 14, 14, 1, 1, 1, 1]



鼓点组合的输出: [96, 144, 96, 96, 96, 96, 96, 96, 96, 96, 96, 96, 96, 96, 96, 96, 96, 96, 96, 96]
鼓点的输出: [8, 0, 0, 0, 0, 0, 0, 0, 4, 0, 0, 0, 0, 0, 0, 0, 242, 0, 0, 0, 238, 0, 243, 0, 244, 0, 0, 0, 238, 0, 27, 0, 8, 0, 0, 0, 0, 0, 0, 0, 4, 0, 0, 0, 0, 0, 0, 0, 8, 0, 0, 0, 0, 0, 0, 0, 4, 0, 0, 0, 0, 0, 0, 0, 8, 0, 0, 0, 0, 0, 0, 0, 4, 0, 0, 0, 0, 0, 0, 0, 8, 0, 0, 0, 0, 0, 0, 0, 4, 0, 0, 0, 0, 0, 0, 0, 8, 0, 0, 0, 0, 0, 0, 0, 4, 0, 0, 0, 0, 0, 0, 0, 8, 0, 0, 0, 0, 0, 0, 0, 4, 0, 0, 0, 0, 0, 0, 0, 8, 0, 0, 0, 0, 0, 0, 0, 4, 0, 0, 0, 0, 0, 0, 0, 8, 0, 0, 0, 0, 0, 0, 0, 4, 0, 0, 0, 0, 0, 0, 0, 8, 0, 0, 0, 0, 0, 0, 0, 4, 0, 0, 0, 0, 0, 0, 0, 8, 0, 0, 0, 0, 0, 0, 0, 4, 0, 0, 0, 0, 0, 0, 0, 8, 0, 0, 0, 0, 0, 0, 0, 4, 0, 0, 0, 0, 0, 0, 0, 8, 0, 0, 0, 0, 0, 0, 0, 4, 0, 0, 0, 0, 0, 0, 0, 8, 0, 0, 0, 0, 0, 0, 0, 4, 0, 0, 0, 0, 0, 0, 0, 8, 0, 0, 0, 0, 0, 0, 0, 4, 0, 0, 0, 0, 0, 0, 0, 8, 0, 0, 0, 0, 0, 0, 0, 4, 0, 0, 0, 0, 0, 0, 0, 8, 0, 0, 0, 0, 0, 0, 0, 4, 0, 0, 0, 0, 0, 0, 0, 8, 0, 0, 0, 0, 0, 0, 0, 4, 0, 0, 0, 0, 0, 0, 0, 8, 0, 0, 0, 0, 0, 0, 0, 4, 0, 0, 0, 0, 0, 0, 0]



第28拍, bass的误差分数为2.0549, 高于临界值1.5244
第28拍, bass的误差分数为2.0549, 高于临界值1.5244
第28拍, bass的误差分数为2.8686, 高于临界值1.5244
第28拍, bass的误差分数为2.0549, 高于临界值1.5244
第28拍, bass的误差分数为2.0549, 高于临界值1.5244
第28拍, bass的误差分数为2.0549, 高于临界值1.5244
第28拍, bass的误差分数为2.0549, 高于临界值1.5244
第28拍, bass的误差分数为2.0549, 高于临界值1.5244
第28拍, bass的误差分数为2.0549, 高于临界值1.5244
第28拍, bass的误差分数为2.0549, 高于临界值1.5244
第20拍, bass使用备选方案, 误差函数值为2.0549, 这八拍的bass为[[50], 0, 0, 0, 0, 0, 0, 0, [45], 0, 0, 0, 0, 0, 0, 0, [55], 0, 0, 0, 0, 0, 0, 0, [50], 0, 0, 0, 0, 0, 0, 0, [38], 0, 0, 0, 0, 0, 0, 0, 0, 0, 0, 0, [38], 0, 0, 0, [31], 0, 0, 0, [31], 0, 0, 0, 0, 0, 0, 0, [31], 0, 0, 0]
bass的输出: [[36], 0, 0, 0, 0, 0, 0, 0, [31], 0, 0, 0, 0, 0, 0, 0, [36], 0, 0, 0, 0, 0, 0, 0, [31], 0, 0, 0, 0, 0, 0, 0, [36], 0, 0, 0, 0, 0, 0, 0, [28], 0, 0, 0, 0, 0, 0, 0, [43], 0, 0, 0, 0, 0, 0, 0, [38], 0, 0, 0, 0, 0, 0, 0, [41], 0, 0, 0, 0, 0, 0, 0, [36], 0, 0, 0, 0, 0, 0, 0, [43], 0, 0, 0, 0, 0, 0, 0, [38], 0, 0, 0, 0, 0, 0, 0, [45], 0, 0, 0, 0, 0, 0, 0, [40], 0, 0, 0, 0, 0, 0, 0, [45], 0, 0, 0, 0, 0, 0, 0, [40], 0, 0, 0, 0, 0, 0, 0, [45], 0, 0, 0, 0, 0, 0, 0, [40], 0, 0, 0, 0, 0, 0, 0, [45], 0, 0, 0, 0, 0, 0, 0, [40], 0, 0, 0, 0, 0, 0, 0, [50], 0, 0, 0, 0, 0, 0, 0, [45], 0, 0, 0, 0, 0, 0, 0, [55], 0, 0, 0, 0, 0, 0, 0, [50], 0, 0, 0, 0, 0, 0, 0, [38], 0, 0, 0, 0, 0, 0, 0, 0, 0, 0, 0, [38], 0, 0, 0, [31], 0, 0, 0, [31], 0, 0, 0, 0, 0, 0, 0, [31], 0, 0, 0, [43], 0, 0, 0, 0, 0, 0, 0, 0, 0, 0, 0, [43], 0, 0, 0, [36], 0, 0, 0, 0, 0, 0, 0, [31], 0, 0, 0, 0, 0, 0, 0, [36], 0, 0, 0, 0, 0, 0, 0, 0, 0, 0, 0, 0, 0, 0, 0, [38], 0, 0, 0, [38], 0, 0, 0, [38], 0, 0, 0, 0, 0, 0, 0, [36], 0, 0, 0, 0, 0, 0, 0, [36], 0, 0, 0, 0, 0, 0, 0, [36], 0, 0, 0, 0, 0, 0, 0, [36], 0, 0, 0, 0, 0, 0, 0]
第12拍, piano_guitar的误差分数为1.3134, 高于临界值0.9912
第12拍, piano_guitar的误差分数为1.1395, 高于临界值0.9912
第12拍, piano_guitar的误差分数为1.4476, 高于临界值0.9912
第12拍, piano_guitar的误差分数为1.3134, 高于临界值0.9912
第12拍, piano_guitar的误差分数为1.5526, 高于临界值0.9912
第12拍, piano_guitar的误差分数为1.1395, 高于临界值0.9912
第12拍, piano_guitar的误差分数为1.1395, 高于临界值0.9912
第12拍, piano_guitar的误差分数为1.1395, 高于临界值0.9912
第12拍, piano_guitar的误差分数为1.5526, 高于临界值0.9912
第12拍, piano_guitar的误差分数为1.1395, 高于临界值0.9912
第4拍, piano_guitar使用备选方案, 误差函数值为1.1395, 这八拍的piano_guitar为[[48, 55], 0, [52], 0, [55], 0, [60], 0, [43], 0, [47], 0, [50], 0, [55], 0, [41], 0, [45], 0, [48], 0, [53], 0, [43], 0, [47], 0, [50], 0, [55], 0]
第36拍, piano_guitar的误差分数为10.5752, 高于临界值0.9912
piano_guitar的输出: [[60], 0, [52], 0, [55], 0, [60], 0, [48, 55], 0, [52], 0, [55], 0, [60], 0, [48, 55], 0, [52], 0, [55], 0, [60], 0, [43], 0, [47], 0, [50], 0, [55], 0, [41], 0, [45], 0, [48], 0, [53], 0, [43], 0, [47], 0, [50], 0, [55], 0, [45], 0, [48], 0, [52], 0, [57], 0, [45], 0, [48], 0, [52], 0, [57], 0, [45], 0, [48], 0, [52], 0, [57], 0, [45], 0, [48], 0, [52], 0, [57], 0, [50], 0, [53], 0, [50, 53, 57], 0, [62], 0, [43], 0, [47], 0, [50], 0, [55], 0, [38], 0, [41], 0, [45], 0, [50], 0, [43], 0, [55], 0, [59], 0, [62], 0, [50], 0, [55], 0, [67], 0, [62], 0, [48], 0, [55, 60], 0, [48], 0, [55, 60], 0, [48], 0, [52, 55], 0, [43], 0, [55, 60], 0, [50], 0, [57, 62], 0, 0, 0, [53, 57, 62], 0, [36], 0, [48, 52, 55], 0, [43], 0, [48], 0, [48, 52, 55, 60], 0, 0, 0, 0, 0, 0, 0]
第28拍, string的误差分数为2.5625, 高于临界值2.0475
string的输出: [[60, 76], 0, 0, 0, 0, 0, 0, 0, 0, 0, 0, 0, 0, 0, 0, 0, [76, 79], 0, 0, 0, 0, 0, 0, 0, [71, 74], 0, 0, 0, 0, 0, 0, 0, [69], 0, 0, 0, 0, 0, 0, 0, [62, 67], 0, 0, 0, 0, 0, 0, 0, [76, 81], 0, 0, 0, 0, 0, 0, 0, 0, 0, 0, 0, 0, 0, 0, 0, [69], 0, 0, 0, 0, 0, 0, 0, 0, 0, 0, 0, [60], 0, 0, 0, [65], 0, 0, 0, 0, 0, 0, 0, [79], 0, 0, 0, 0, 0, 0, 0, [74], 0, 0, 0, 0, 0, 0, 0, [71], 0, 0, 0, 0, 0, 0, 0, [79], 0, 0, 0, 0, 0, 0, 0, [72], 0, 0, 0, 0, 0, 0, 0, [79], 0, 0, 0, 0, 0, 0, 0, [74], 0, 0, 0, 0, 0, 0, 0, [76, 79], 0, 0, 0, 0, 0, 0, 0, 0, 0, 0, 0, 0, 0, 0, 0]
加花的输出判定为: [0, 0, 0, 0, 0, 0, 0, 0, 0, 0, 0, 0, 0, 0, 0, 0, 0, 0, 0, 0, 0, 0, 0, 0, 0, 0, 0, 0, 0, 2, 2, 0, 0, 0, 0, 0, 2, 0, 0, 0]
加花已连续生成失败0次
加花的输出判定为: [0, 0, 0, 0, 0, 0, 0, 0, 0, 0, 0, 0, 0, 0, 0, 0, 2, 2, 0, 0, 0, 0, 0, 0, 0, 0, 0, 0, 0, 0, 0, 2, 2, 0, 0, 0, 2, 0, 0, 0]
加花已连续生成失败1次
加花的输出判定为: [0, 0, 0, 0, 0, 0, 0, 0, 0, 0, 0, 0, 0, 0, 0, 0, 0, 0, 0, 0, 0, 0, 2, 2, 0, 0, 0, 0, 0, 0, 0, 0, 0, 0, 0, 0, 2, 0, 0, 0]
加花已连续生成失败2次
加花的输出判定为: [0, 0, 0, 0, 0, 0, 0, 0, 0, 0, 0, 0, 0, 0, 0, 0, 0, 0, 0, 0, 0, 0, 0, 0, 0, 0, 0, 0, 0, 0, 1, 1, 1, 0, 0, 0, 1, 1, 1, 1]
加花的最终输出: [0, 0, 0, 0, 0, 0, 0, 0, 0, 0, 0, 0, 0, 0, 0, 0, 0, 0, 0, 0, 0, 0, 0, 0, 0, 0, 0, 0, 0, 0, 0, 0, 0, 0, 0, 0, 0, 0, 0, 0, 0, 0, 0, 0, 0, 0, 0, 0, 0, 0, 0, 0, 0, 0, 0, 0, 0, 0, 0, 0, 0, 0, 0, 0, 0, 0, 0, 0, 0, 0, 0, 0, 0, 0, 0, 0, 0, 0, 0, 0, 0, 0, 0, 0, 0, 0, 0, 0, 0, 0, 0, 0, 0, 0, 0, 0, 0, 0, 0, 0, 0, 0, 0, 0, 0, 0, 0, 0, 0, 0, 0, 0, 0, 0, 0, 0, 0, 0, 0, 0, 0, 0, 0, 0, 0, 0, 0, 0, 0, 0, 0, 0, 0, 0, 0, 0, 0, 0, 0, 0, 0, 0, 0, 0, 0, 0, 0, 0, 0, 0, 0, 0, 0, 0, 0, 0, 0, 0, 0, 0, 0, 0, 0, 0, 0, 0, 0, 0, 0, 0, 0, 0, 0, 0, 0, 0, 0, 0, 0, 0, 0, 0, 0, 0, 0, 0, 0, 0, 0, 0, 0, 0, 0, 0, 0, 0, 0, 0, 0, 0, 0, 0, 0, 0, 0, 0, 0, 0, 0, 0, 0, 0, 0, 0, 0, 0, 0, 0, 0, 0, 0, 0, 0, 0, 0, 0, 0, 0, 0, 0, 0, 0, 0, 0, 0, 0, 0, 0, 0, 0, [79], 0, [76], 0, [72], 0, [67], 0, [76], 0, [72], 0, [67], 0, [64], 0, [72], 0, 0, 0, 0, 0, 0, 0, 0, 0, 0, 0, 0, 0, 0, 0, 0, 0, 0, 0, 0, 0, 0, 0, 0, 0, 0, 0, 0, 0, 0, 0, [52], 0, [55], 0, [60], 0, [64], 0, [60], 0, [55], 0, [52], 0, [55], 0, [76], 0, [79], 0, [84], 0, [88], 0, [84], 0, [79], 0, [76], 0, [72], 0]
