Restoring of melody associated data has finished!
Restoring of intro and interlude associated data has finished!
Restoring of chord associated data has finished!
Restoring of bass associated data has finished!
Restoring of piano_guitar associated data has finished!
Restoring of string associated data has finished!
Restoring of fill associated data has finished!
平均音高的十个中心点分别为: array([64.5274 , 68.88931, 71.59106, 73.43156, 75.04601, 76.59607,
       78.07177, 79.70886, 81.50549, 84.96061], dtype=float32)
第1次生成开始: 主旋律开始的组合编码是50, 组合为[76, 0, 0, 0, 0, 0, 76, 0]
在第19个步长, 主旋律第00次打回，难以选出不雷同的组合, 最后四拍音符为[81, 0, 0, 0, 79, 0, 0, 0, 76, 0, 0, 0, 0, 0, 0, 0, 0, 0, 0, 0, 79, 0, 0, 0, 72, 0, 0, 0, 76, 0, 0, 0]
在第48个pattern, 主旋律第01次打回,收束不符合要求, 最后四拍音符为[79, 0, 79, 0, 0, 0, 79, 0, 77, 0, 0, 0, 0, 0, 0, 0, 77, 0, 0, 0, 81, 0, 0, 0, 79, 0, 79, 0, 79, 0, 79, 0]
主旋律的输出:[76, 0, 0, 0, 0, 0, 76, 0, 76, 0, 0, 0, 72, 0, 0, 0, 67, 0, 0, 0, 0, 0, 0, 0, 67, 0, 0, 0, 0, 0, 0, 0, 76, 0, 0, 0, 72, 0, 0, 0, 74, 0, 0, 0, 0, 0, 0, 0, 0, 0, 0, 0, 0, 0, 0, 0, 76, 0, 0, 0, 72, 0, 0, 0, 79, 0, 0, 0, 0, 0, 0, 0, 79, 0, 0, 0, 0, 0, 0, 0, 76, 0, 0, 0, 72, 0, 0, 0, 67, 0, 0, 0, 0, 0, 0, 0, 81, 0, 0, 0, 0, 0, 0, 0, 79, 0, 0, 0, 0, 0, 0, 0, 83, 0, 0, 0, 0, 0, 81, 0, 81, 0, 0, 0, 79, 0, 0, 0, 76, 0, 0, 0, 0, 0, 0, 0, 79, 0, 0, 0, 0, 0, 0, 0, 74, 0, 0, 0, 0, 0, 0, 0, 81, 0, 0, 0, 0, 0, 0, 0, 81, 0, 0, 0, 79, 0, 0, 0, 76, 0, 0, 0, 81, 0, 0, 0, 79, 0, 0, 0, 72, 0, 0, 0, 79, 0, 0, 0, 0, 0, 0, 0, 74, 0, 0, 0, 74, 0, 74, 0, 79, 0, 0, 0, 0, 0, 0, 0, 79, 0, 0, 0, 76, 0, 0, 0, 74, 0, 0, 0, 76, 0, 0, 0, 72, 0, 0, 0, 0, 0, 0, 0, 77, 0, 0, 0, 76, 0, 0, 0, 69, 0, 0, 0, 72, 0, 0, 0, 74, 0, 0, 0, 76, 0, 0, 0, 76, 0, 0, 0, 0, 0, 0, 0, 79, 0, 0, 0, 74, 0, 76, 0, 72, 0, 0, 0, 0, 0, 0, 0, 0, 0, 0, 0, 0, 0, 0, 0, 86, 0, 0, 0, 86, 0, 0, 0, 79, 0, 0, 0, 0, 0, 0, 0, 76, 0, 0, 0, 0, 0, 0, 0, 79, 0, 0, 0, 0, 0, 0, 0, 81, 0, 0, 0, 0, 0, 0, 0, 84, 0, 0, 0, 0, 0, 0, 0, 83, 0, 0, 0, 81, 0, 0, 0, 79, 0, 0, 0, 0, 0, 0, 0, 74, 0, 0, 0, 0, 0, 0, 0, 72, 0, 0, 0, 0, 0, 0, 0, 72, 0, 0, 0, 0, 0, 0, 0, 0, 0, 0, 0, 0, 0, 0, 0]



在第4拍, 预测方法选择了两个不同的和弦，编码分别是31和1
在第4拍, 和弦已经被替换为编码31, 它在数组中的位置为26
在第22拍, 预测方法选择了两个不同的和弦，编码分别是56和1
在第22拍, 和弦已经被替换为编码56, 它在数组中的位置为8
在第24拍, 预测方法选择了两个不同的和弦，编码分别是56和1
在第24拍, 和弦已经被替换为编码56, 它在数组中的位置为8
在第28拍, 预测方法选择了两个不同的和弦，编码分别是56和1
在第28拍, 和弦已经被替换为编码56, 它在数组中的位置为8
在第30拍, 预测方法选择了两个不同的和弦，编码分别是26和56
在第30拍, 和弦已经被替换为编码56, 它在数组中的位置为8
在第48拍, 和弦第00次打回，收束不是1级大和弦或6级小和弦, 最后八拍和弦为[56, 56, 43, 43, 14, 14, 56, 56]
在第44拍, 预测方法选择了两个不同的和弦，编码分别是56和1
在第44拍, 和弦已经被替换为编码56, 它在数组中的位置为8
在第46拍, 预测方法选择了两个不同的和弦，编码分别是101和56
在第46拍, 和弦已经被替换为编码56, 它在数组中的位置为8
在第48拍, 和弦第01次打回，收束不是1级大和弦或6级小和弦, 最后八拍和弦为[56, 56, 26, 26, 56, 56, 56, 56]
在第42拍, 预测方法选择了两个不同的和弦，编码分别是14和43
在第42拍, 和弦已经被替换为编码43, 它在数组中的位置为4
在第48拍, 和弦第02次打回，收束不是1级大和弦或6级小和弦, 最后八拍和弦为[56, 56, 43, 43, 14, 14, 56, 56]
在第48拍, 和弦第03次打回，收束不是1级大和弦或6级小和弦, 最后八拍和弦为[56, 56, 101, 101, 14, 14, 31, 31]
在第44拍, 预测方法选择了两个不同的和弦，编码分别是14和1
在第44拍, 和弦已经被替换为编码14, 它在数组中的位置为12
在第48拍, 和弦第04次打回，收束不是1级大和弦或6级小和弦, 最后八拍和弦为[56, 56, 101, 101, 14, 14, 56, 56]
在第48拍, 和弦第05次打回，收束不是1级大和弦或6级小和弦, 最后八拍和弦为[56, 56, 101, 101, 14, 14, 56, 56]
在第48拍, 和弦第06次打回，收束不是1级大和弦或6级小和弦, 最后八拍和弦为[56, 56, 101, 101, 14, 14, 31, 31]
在第48拍, 和弦第07次打回，收束不是1级大和弦或6级小和弦, 最后八拍和弦为[56, 56, 43, 43, 14, 14, 56, 56]
在第48拍, 和弦第08次打回，收束不是1级大和弦或6级小和弦, 最后八拍和弦为[56, 56, 43, 43, 14, 14, 56, 56]
在第48拍, 和弦第09次打回，收束不是1级大和弦或6级小和弦, 最后八拍和弦为[56, 56, 1, 1, 14, 14, 56, 56]
在第48拍, 和弦第10次打回，收束不是1级大和弦或6级小和弦, 最后八拍和弦为[56, 56, 43, 43, 14, 14, 56, 56]
在第48拍, 和弦第11次打回，收束不是1级大和弦或6级小和弦, 最后八拍和弦为[56, 56, 43, 43, 14, 14, 56, 56]
在第42拍, 预测方法选择了两个不同的和弦，编码分别是1和26
在第42拍, 和弦已经被替换为编码1, 它在数组中的位置为3
在第48拍, 和弦第12次打回，收束不是1级大和弦或6级小和弦, 最后八拍和弦为[56, 56, 1, 1, 31, 31, 31, 31]
在第44拍, 预测方法选择了两个不同的和弦，编码分别是56和1
在第44拍, 和弦已经被替换为编码56, 它在数组中的位置为8
在第48拍, 和弦第13次打回，收束不是1级大和弦或6级小和弦, 最后八拍和弦为[56, 56, 101, 101, 56, 56, 56, 56]
在第44拍, 预测方法选择了两个不同的和弦，编码分别是56和1
在第44拍, 和弦已经被替换为编码56, 它在数组中的位置为8
在第48拍, 和弦第14次打回，收束不是1级大和弦或6级小和弦, 最后八拍和弦为[56, 56, 101, 101, 56, 56, 31, 31]
在第48拍, 和弦第15次打回，收束不是1级大和弦或6级小和弦, 最后八拍和弦为[56, 56, 1, 1, 31, 31, 31, 31]
在第46拍, 预测方法选择了两个不同的和弦，编码分别是1和86
在第46拍, 和弦已经被替换为编码1, 它在数组中的位置为3
和弦的输出: [1, 1, 43, 43, 31, 31, 31, 31, 43, 43, 43, 43, 96, 96, 43, 43, 1, 1, 43, 43, 56, 56, 56, 56, 56, 56, 26, 26, 56, 56, 56, 56, 56, 56, 56, 56, 1, 1, 1, 1, 56, 56, 101, 101, 14, 14, 1, 1]



鼓点组合的输出: [55, 55, 55, 55, 55, 55, 55, 55, 55, 55, 55, 55, 55, 55, 55, 55, 55, 55, 55, 55, 55, 55, 55, 55]
鼓点的输出: [175, 0, 0, 0, 10, 0, 1, 0, 13, 0, 0, 0, 10, 0, 0, 0, 175, 0, 0, 0, 10, 0, 1, 0, 13, 0, 0, 0, 10, 0, 0, 0, 175, 0, 0, 0, 10, 0, 1, 0, 13, 0, 0, 0, 10, 0, 0, 0, 175, 0, 0, 0, 10, 0, 1, 0, 13, 0, 0, 0, 10, 0, 0, 0, 175, 0, 0, 0, 10, 0, 1, 0, 13, 0, 0, 0, 10, 0, 0, 0, 175, 0, 0, 0, 10, 0, 1, 0, 13, 0, 0, 0, 10, 0, 0, 0, 175, 0, 0, 0, 10, 0, 1, 0, 13, 0, 0, 0, 10, 0, 0, 0, 175, 0, 0, 0, 10, 0, 1, 0, 13, 0, 0, 0, 10, 0, 0, 0, 175, 0, 0, 0, 10, 0, 1, 0, 13, 0, 0, 0, 10, 0, 0, 0, 175, 0, 0, 0, 10, 0, 1, 0, 13, 0, 0, 0, 10, 0, 0, 0, 175, 0, 0, 0, 10, 0, 1, 0, 13, 0, 0, 0, 10, 0, 0, 0, 175, 0, 0, 0, 10, 0, 1, 0, 13, 0, 0, 0, 10, 0, 0, 0, 175, 0, 0, 0, 10, 0, 1, 0, 13, 0, 0, 0, 10, 0, 0, 0, 175, 0, 0, 0, 10, 0, 1, 0, 13, 0, 0, 0, 10, 0, 0, 0, 175, 0, 0, 0, 10, 0, 1, 0, 13, 0, 0, 0, 10, 0, 0, 0, 175, 0, 0, 0, 10, 0, 1, 0, 13, 0, 0, 0, 10, 0, 0, 0, 175, 0, 0, 0, 10, 0, 1, 0, 13, 0, 0, 0, 10, 0, 0, 0, 175, 0, 0, 0, 10, 0, 1, 0, 13, 0, 0, 0, 10, 0, 0, 0, 175, 0, 0, 0, 10, 0, 1, 0, 13, 0, 0, 0, 10, 0, 0, 0, 175, 0, 0, 0, 10, 0, 1, 0, 13, 0, 0, 0, 10, 0, 0, 0, 175, 0, 0, 0, 10, 0, 1, 0, 13, 0, 0, 0, 10, 0, 0, 0, 175, 0, 0, 0, 10, 0, 1, 0, 13, 0, 0, 0, 10, 0, 0, 0, 175, 0, 0, 0, 10, 0, 1, 0, 13, 0, 0, 0, 10, 0, 0, 0, 175, 0, 0, 0, 10, 0, 1, 0, 13, 0, 0, 0, 10, 0, 0, 0]



第12拍, bass的误差分数为3.5000, 高于临界值1.5244
第28拍, bass的误差分数为3.8584, 高于临界值1.5244
bass的输出: [[36], 0, 0, 0, 0, 0, 0, 0, [40], 0, 0, 0, 0, 0, 0, 0, [36], 0, 0, 0, 0, 0, 0, 0, [40], 0, 0, 0, 0, 0, 0, 0, [24], 0, 0, 0, 0, 0, 0, 0, [36], 0, 0, 0, 0, 0, 0, 0, 0, 0, 0, 0, [29], 0, 0, 0, [29], 0, 0, 0, 0, 0, 0, 0, 0, 0, 0, 0, 0, 0, 0, 0, [31], 0, 0, 0, 0, 0, 0, 0, 0, 0, 0, 0, 0, 0, 0, 0, [31], 0, 0, 0, 0, 0, 0, 0, 0, 0, 0, 0, 0, 0, 0, 0, 0, 0, 0, 0, 0, 0, 0, 0, [31], 0, 0, 0, 0, 0, 0, 0, [31], 0, 0, 0, 0, 0, 0, 0, [36], 0, 0, 0, 0, 0, 0, 0, [31], 0, 0, 0, 0, 0, 0, 0, [31], 0, 0, 0, 0, 0, 0, 0, [31], 0, 0, 0, 0, 0, 0, 0, [33], 0, 0, 0, 0, 0, 0, 0, [24], 0, 0, 0, 0, 0, 0, 0, [33], 0, 0, 0, 0, 0, 0, 0, [33], 0, 0, 0, [28], 0, 0, 0, [33], 0, 0, 0, 0, 0, 0, 0, [33], 0, 0, 0, 0, 0, 0, 0, [40], 0, 0, 0, 0, 0, 0, 0, [28], 0, 0, 0, 0, 0, 0, 0, [33], 0, 0, 0, 0, 0, 0, 0, [28], 0, 0, 0, 0, 0, 0, 0, [33], 0, 0, 0, 0, 0, 0, 0, [28], 0, 0, 0, [33], 0, 0, 0, [33], 0, 0, 0, 0, 0, 0, 0, [28], 0, 0, 0, 0, 0, 0, 0, [33], 0, 0, 0, [28], 0, 0, 0, [33], 0, 0, 0, 0, 0, 0, 0, [36], 0, 0, 0, 0, 0, 0, 0, [31], 0, 0, 0, 0, 0, 0, 0, [36], 0, 0, 0, 0, 0, 0, 0, [31], 0, 0, 0, 0, 0, 0, 0, [33], 0, 0, 0, 0, 0, 0, 0, [28], 0, 0, 0, 0, 0, 0, 0, [33], 0, 0, 0, 0, 0, [33], 0, [28], 0, 0, 0, 0, 0, 0, 0, [38], 0, 0, 0, 0, 0, 0, 0, [33], 0, 0, 0, 0, 0, 0, 0, [36], 0, 0, 0, 0, 0, 0, 0, [31], 0, 0, 0, 0, 0, 0, 0]
第44拍, piano_guitar的误差分数为1.1441, 高于临界值0.9912
piano_guitar的输出: [0, 0, [60, 64, 67, 72], 0, 0, 0, [60, 64, 67, 72], 0, 0, 0, [59, 62, 67, 71], 0, 0, 0, [62, 67], 0, 0, 0, [57, 60, 65], 0, 0, 0, [57, 60, 65], 0, 0, 0, [57, 60, 65], 0, 0, 0, [57, 60, 65], 0, 0, 0, [59, 62, 67], 0, 0, 0, [59, 62, 67], 0, 0, 0, [59, 62, 67], 0, 0, 0, [59, 62, 67], 0, 0, 0, [59, 62, 67], 0, 0, 0, [59, 62, 67], 0, 0, 0, [59, 62, 67], 0, 0, 0, [59, 62, 67], 0, 0, 0, [60, 64, 67], 0, 0, 0, [60, 64, 67], 0, 0, 0, [59, 62, 67], 0, 0, 0, [59, 62, 67], 0, 0, 0, [60, 64, 69], 0, 0, 0, [60, 64, 69], 0, 0, 0, [60, 64, 69], 0, 0, 0, [60, 64, 69], 0, 0, 0, [60, 64, 69], 0, 0, 0, [60, 64, 69], 0, 0, 0, [67, 71, 76], 0, 0, 0, [67, 71, 76], 0, 0, 0, [60, 64, 69], 0, 0, 0, [60, 64, 69], 0, 0, 0, [60, 64, 69], 0, 0, 0, [60, 64, 69], 0, 0, 0, [60, 64, 69], 0, 0, 0, [60, 64, 69], 0, 0, 0, [60, 64, 69], 0, 0, 0, [60, 64, 69], 0, 0, 0, [60, 64, 67], 0, 0, 0, [60, 64, 67], 0, 0, 0, [60, 64, 67], 0, 0, 0, [60, 64, 67], 0, 0, 0, [60, 64, 69], 0, 0, 0, [60, 64, 69], 0, 0, 0, [60, 64, 69], 0, 0, 0, [60, 64, 69], 0, 0, 0, [62, 65, 69], 0, 0, 0, [62, 65, 69], 0, [64, 67, 72], 0, 0, 0, [48, 55, 60], 0, 0, 0]
string的输出: [[64, 72, 79], 0, 0, 0, 0, 0, 0, 0, [50, 55, 59], 0, 0, 0, 0, 0, 0, 0, [57, 60, 65], 0, 0, 0, 0, 0, 0, 0, [57, 60, 65], 0, 0, 0, 0, 0, 0, 0, [59, 62, 67], 0, 0, 0, 0, 0, 0, 0, [59, 62, 67], 0, 0, 0, 0, 0, 0, 0, [59, 62, 67], 0, 0, 0, 0, 0, 0, 0, [59, 62, 67], 0, 0, 0, 0, 0, 0, 0, [60, 64, 67], 0, 0, 0, 0, 0, 0, 0, [59, 62, 67], 0, 0, 0, 0, 0, 0, 0, [60, 64, 69], 0, 0, 0, 0, 0, 0, 0, [64, 69, 72], 0, 0, 0, 0, 0, 0, 0, [64, 69, 72], 0, 0, 0, 0, 0, 0, 0, [64, 67, 71], 0, 0, 0, 0, 0, 0, 0, [64, 69, 72], 0, 0, 0, 0, 0, 0, 0, [64, 69, 72], 0, 0, 0, 0, 0, 0, 0, [64, 69, 72], 0, 0, 0, 0, 0, 0, 0, [64, 69, 72], 0, 0, 0, 0, 0, 0, 0, [67, 72, 76], 0, 0, 0, 0, 0, 0, 0, 0, 0, 0, 0, 0, 0, 0, 0, [60, 64, 69], 0, 0, 0, 0, 0, 0, 0, 0, 0, 0, 0, 0, 0, 0, 0, [62, 65, 69], 0, 0, 0, 0, 0, 0, 0, [67, 72, 76], 0, 0, 0, 0, 0, 0, 0]
加花的输出判定为: [0, 0, 0, 0, 0, 0, 0, 0, 0, 0, 0, 0, 0, 0, 0, 0, 0, 0, 0, 0, 0, 0, 0, 0, 0, 2, 2, 0, 0, 0, 0, 0, 0, 0, 0, 0, 0, 0, 0, 0, 0, 0, 0, 0, 0, 0, 0, 0]
加花已连续生成失败0次
加花的输出判定为: [0, 0, 0, 0, 0, 0, 3, 3, 0, 0, 0, 0, 0, 0, 3, 0, 0, 0, 0, 0, 0, 3, 3, 0, 0, 0, 0, 0, 0, 0, 0, 0, 0, 0, 0, 3, 0, 0, 3, 0, 0, 0, 0, 0, 0, 0, 0, 3]
加花的最终输出: [0, 0, 0, 0, 0, 0, 0, 0, 0, 0, 0, 0, 0, 0, 0, 0, 0, 0, 0, 0, 0, 0, 0, 0, 0, 0, 0, 0, 0, 0, 0, 0, 0, 0, 0, 0, 0, 0, 0, 0, 0, 0, 0, 0, 0, 0, 0, 0, 0, 0, 0, 0, 0, 0, 0, 0, [76], 0, 0, 0, [72], 0, 0, 0, 0, 0, 0, 0, 0, 0, 0, 0, 0, 0, 0, 0, 0, 0, 0, 0, 0, 0, 0, 0, 0, 0, 0, 0, 0, 0, 0, 0, 0, 0, 0, 0, 0, 0, 0, 0, 0, 0, 0, 0, 0, 0, 0, 0, 0, 0, 0, 0, 0, 0, 0, 0, [67, 72, 79, 84], 0, 0, 0, 0, 0, 0, 0, 0, 0, 0, 0, 0, 0, 0, 0, 0, 0, 0, 0, 0, 0, 0, 0, 0, 0, 0, 0, 0, 0, 0, 0, 0, 0, 0, 0, 0, 0, 0, 0, 0, 0, 0, 0, 0, 0, 0, 0, 0, 0, 0, 0, 0, 0, 0, 0, 0, 0, 0, 0, [76], 0, 0, 0, [72], 0, 0, 0, 0, 0, 0, 0, 0, 0, 0, 0, 0, 0, 0, 0, 0, 0, 0, 0, 0, 0, 0, 0, 0, 0, 0, 0, 0, 0, 0, 0, 0, 0, 0, 0, 0, 0, 0, 0, 0, 0, 0, 0, 0, 0, 0, 0, 0, 0, 0, 0, 0, 0, 0, 0, 0, 0, 0, 0, 0, 0, 0, 0, 0, 0, 0, 0, 0, 0, 0, 0, 0, 0, 0, 0, 0, 0, 0, 0, 0, 0, 0, 0, 0, 0, 0, 0, 0, 0, 0, 0, 0, 0, 0, 0, 0, 0, 0, 0, [76], 0, 0, 0, [72], 0, 0, 0, 0, 0, 0, 0, 0, 0, 0, 0, 0, 0, 0, 0, 0, 0, 0, 0, 0, 0, 0, 0, [67, 72, 79, 84], 0, 0, 0, 0, 0, 0, 0, 0, 0, 0, 0, 0, 0, 0, 0, 0, 0, 0, 0, 0, 0, 0, 0, 0, 0, 0, 0, 0, 0, 0, 0, 0, 0, 0, 0, 0, 0, 0, 0, 0, 0, 0, 0, 0, 0, 0, 0, 0, 0, 0, 0, 0, 0, 0, 0, 0, 0, 0, 0, 0, 0, 0, 0, 0, 0, 0, 0, 0, 0, 0, 0, [67, 72, 79, 84], 0, 0, 0]
