Restoring of melody associated data has finished!
Restoring of intro and interlude associated data has finished!
Restoring of chord associated data has finished!
Restoring of bass associated data has finished!
Restoring of piano_guitar associated data has finished!
Restoring of string associated data has finished!
Restoring of fill associated data has finished!
平均音高的十个中心点分别为: array([64.5274 , 68.88931, 71.59106, 73.43156, 75.04601, 76.59607,
       78.07177, 79.70886, 81.50549, 84.96061], dtype=float32)
第1次生成开始: 主旋律开始的组合编码是90, 组合为[60, 0, 0, 0, 0, 0, 0, 0]
在第48个pattern, 主旋律第00次打回,收束不符合要求, 最后四拍音符为[84, 0, 0, 0, 88, 0, 0, 0, 79, 0, 0, 0, 79, 0, 81, 0, 79, 0, 0, 0, 0, 0, 0, 0, 79, 0, 0, 0, 81, 0, 0, 0]
在第44个pattern, 主旋律第01次打回，音高变化的分数为1.7172,高于临界值1.5625
在第38个步长, 主旋律第02次打回，难以选出不雷同的组合, 最后四拍音符为[79, 0, 0, 0, 0, 0, 0, 0, 0, 0, 0, 0, 0, 0, 0, 0, 84, 0, 0, 0, 0, 0, 0, 0, 0, 0, 0, 0, 88, 0, 0, 0]
在第44个pattern, 主旋律第03次打回，按键位置有异常, 最后四拍音符为[76, 0, 0, 0, 0, 0, 0, 0, 0, 0, 0, 0, 74, 0, 0, 0, 0, 0, 0, 0, 0, 0, 0, 0, 72, 0, 0, 0, 0, 0, 72, 0]
在第48个pattern, 主旋律第04次打回,收束不符合要求, 最后四拍音符为[76, 0, 0, 0, 0, 0, 0, 0, 74, 0, 0, 0, 0, 0, 0, 0, 81, 0, 0, 0, 0, 0, 0, 0, 0, 0, 0, 0, 0, 0, 0, 0]
在第48个pattern, 主旋律第05次打回,收束不符合要求, 最后四拍音符为[72, 0, 0, 0, 0, 0, 0, 0, 67, 0, 0, 0, 0, 0, 0, 0, 72, 0, 0, 0, 0, 0, 0, 0, 67, 0, 0, 0, 0, 0, 0, 0]
在第48个pattern, 主旋律第06次打回,收束不符合要求, 最后四拍音符为[64, 0, 0, 0, 0, 0, 0, 0, 77, 0, 0, 0, 77, 0, 0, 0, 77, 0, 0, 0, 77, 0, 0, 0, 77, 0, 0, 0, 77, 0, 0, 0]
在第48个pattern, 主旋律第07次打回,收束不符合要求, 最后四拍音符为[74, 0, 0, 0, 0, 0, 0, 0, 0, 0, 0, 0, 77, 0, 0, 0, 76, 0, 0, 0, 0, 0, 0, 0, 79, 0, 0, 0, 0, 0, 0, 0]
在第48个pattern, 主旋律第08次打回,收束不符合要求, 最后四拍音符为[67, 0, 0, 0, 0, 0, 0, 0, 67, 0, 0, 0, 0, 0, 0, 0, 79, 0, 0, 0, 76, 0, 0, 0, 0, 0, 0, 0, 0, 0, 0, 0]
主旋律的输出:[60, 0, 0, 0, 0, 0, 0, 0, 69, 0, 0, 0, 0, 0, 0, 0, 0, 0, 0, 0, 0, 0, 0, 0, 67, 0, 0, 0, 0, 0, 0, 0, 67, 0, 0, 0, 0, 0, 0, 0, 74, 0, 0, 0, 0, 0, 0, 0, 72, 0, 0, 0, 0, 0, 0, 0, 0, 0, 0, 0, 0, 0, 0, 0, 72, 0, 0, 0, 0, 0, 0, 0, 81, 0, 0, 0, 0, 0, 0, 0, 0, 0, 0, 0, 81, 0, 0, 0, 79, 0, 0, 0, 0, 0, 0, 0, 79, 0, 0, 0, 0, 0, 0, 0, 79, 0, 0, 0, 0, 0, 0, 0, 74, 0, 0, 0, 79, 0, 0, 0, 72, 0, 0, 0, 0, 0, 0, 0, 74, 0, 0, 0, 72, 0, 0, 0, 72, 0, 0, 0, 0, 0, 0, 0, 0, 0, 0, 0, 0, 0, 0, 0, 72, 0, 0, 0, 0, 0, 0, 0, 0, 0, 0, 0, 81, 0, 0, 0, 81, 0, 0, 0, 0, 0, 0, 0, 79, 0, 0, 0, 0, 0, 0, 0, 79, 0, 0, 0, 0, 0, 0, 0, 81, 0, 0, 0, 81, 0, 0, 0, 79, 0, 0, 0, 0, 0, 0, 0, 76, 0, 0, 0, 77, 0, 0, 0, 79, 0, 0, 0, 0, 0, 0, 0, 76, 0, 0, 0, 79, 0, 0, 0, 79, 0, 0, 0, 81, 0, 0, 0, 79, 0, 0, 0, 0, 0, 0, 0, 76, 0, 0, 0, 77, 0, 0, 0, 72, 0, 0, 0, 0, 0, 0, 0, 81, 0, 0, 0, 0, 0, 0, 0, 84, 0, 0, 0, 0, 0, 0, 0, 0, 0, 0, 0, 81, 0, 0, 0, 72, 0, 0, 0, 0, 0, 0, 0, 0, 0, 0, 0, 76, 0, 0, 0, 77, 0, 0, 0, 0, 0, 0, 0, 76, 0, 0, 0, 0, 0, 76, 0, 72, 0, 0, 0, 76, 0, 0, 0, 79, 0, 0, 0, 0, 0, 0, 0, 0, 0, 0, 0, 0, 0, 0, 0, 72, 0, 0, 0, 71, 0, 0, 0, 76, 0, 0, 0, 0, 0, 0, 0, 0, 0, 0, 0, 0, 0, 0, 0, 72, 0, 0, 0, 0, 0, 0, 0, 0, 0, 0, 0, 0, 0, 0, 0]



在第4拍, 预测方法选择了两个不同的和弦，编码分别是56和26
在第4拍, 和弦已经被替换为编码26, 它在数组中的位置为27
在第36拍, 预测方法选择了两个不同的和弦，编码分别是31和80
在第36拍, 和弦已经被替换为编码31, 它在数组中的位置为26
和弦的输出: [56, 56, 56, 56, 26, 26, 56, 56, 31, 31, 31, 31, 26, 26, 26, 26, 31, 31, 31, 31, 31, 31, 43, 43, 31, 31, 1, 1, 1, 1, 1, 1, 31, 31, 31, 31, 31, 31, 31, 31, 1, 1, 1, 1, 1, 1, 1, 1]



在第2拍, 鼓点第00次打回，第一拍为空拍[0, 0, 0, 0, 817, 0, 817, 0, 55, 0, 0, 0, 134, 0, 134, 0]
鼓点组合的输出: [96, 96, 96, 96, 96, 96, 96, 96, 96, 96, 96, 96, 96, 96, 96, 96, 96, 285, 19, 19, 19, 19, 19, 19]
鼓点的输出: [8, 0, 0, 0, 0, 0, 0, 0, 4, 0, 0, 0, 0, 0, 0, 0, 8, 0, 0, 0, 0, 0, 0, 0, 4, 0, 0, 0, 0, 0, 0, 0, 8, 0, 0, 0, 0, 0, 0, 0, 4, 0, 0, 0, 0, 0, 0, 0, 8, 0, 0, 0, 0, 0, 0, 0, 4, 0, 0, 0, 0, 0, 0, 0, 8, 0, 0, 0, 0, 0, 0, 0, 4, 0, 0, 0, 0, 0, 0, 0, 8, 0, 0, 0, 0, 0, 0, 0, 4, 0, 0, 0, 0, 0, 0, 0, 8, 0, 0, 0, 0, 0, 0, 0, 4, 0, 0, 0, 0, 0, 0, 0, 8, 0, 0, 0, 0, 0, 0, 0, 4, 0, 0, 0, 0, 0, 0, 0, 8, 0, 0, 0, 0, 0, 0, 0, 4, 0, 0, 0, 0, 0, 0, 0, 8, 0, 0, 0, 0, 0, 0, 0, 4, 0, 0, 0, 0, 0, 0, 0, 8, 0, 0, 0, 0, 0, 0, 0, 4, 0, 0, 0, 0, 0, 0, 0, 8, 0, 0, 0, 0, 0, 0, 0, 4, 0, 0, 0, 0, 0, 0, 0, 8, 0, 0, 0, 0, 0, 0, 0, 4, 0, 0, 0, 0, 0, 0, 0, 8, 0, 0, 0, 0, 0, 0, 0, 4, 0, 0, 0, 0, 0, 0, 0, 8, 0, 0, 0, 0, 0, 0, 0, 4, 0, 0, 0, 0, 0, 0, 0, 8, 0, 0, 0, 0, 0, 0, 0, 4, 0, 0, 0, 0, 0, 0, 0, 8, 0, 0, 0, 0, 0, 0, 0, 4, 0, 0, 0, 0, 0, 0, 0, 10, 0, 0, 0, 126, 0, 0, 0, 1701, 0, 0, 0, 27, 0, 0, 0, 60, 0, 0, 0, 0, 0, 0, 0, 204, 0, 0, 0, 60, 0, 0, 0, 60, 0, 0, 0, 0, 0, 0, 0, 204, 0, 0, 0, 60, 0, 0, 0, 60, 0, 0, 0, 0, 0, 0, 0, 204, 0, 0, 0, 60, 0, 0, 0, 60, 0, 0, 0, 0, 0, 0, 0, 204, 0, 0, 0, 60, 0, 0, 0, 60, 0, 0, 0, 0, 0, 0, 0, 204, 0, 0, 0, 60, 0, 0, 0, 60, 0, 0, 0, 0, 0, 0, 0, 204, 0, 0, 0, 60, 0, 0, 0]



bass的输出: [[33], 0, 0, 0, 0, 0, 0, 0, [33], 0, 0, 0, 0, 0, 0, 0, [33], 0, 0, 0, 0, 0, 0, 0, [33], 0, 0, 0, 0, 0, 0, 0, [40], 0, 0, 0, 0, 0, 0, 0, [40], 0, 0, 0, 0, 0, 0, 0, [33], 0, 0, 0, 0, 0, 0, 0, [33], 0, 0, 0, 0, 0, 0, 0, [29], 0, 0, 0, 0, 0, 0, 0, [29], 0, 0, 0, 0, 0, 0, 0, [29], 0, 0, 0, 0, 0, 0, 0, [29], 0, 0, 0, 0, 0, 0, 0, [28], 0, 0, 0, 0, 0, 0, 0, [28], 0, 0, 0, 0, 0, 0, 0, [28], 0, 0, 0, 0, 0, 0, 0, [33], 0, 0, 0, 0, 0, 0, 0, [29], 0, 0, 0, 0, 0, 0, 0, [29], 0, 0, 0, 0, 0, 0, 0, [29], 0, 0, 0, 0, 0, 0, 0, [29], 0, 0, 0, 0, 0, 0, 0, [29], 0, 0, 0, 0, 0, 0, 0, [29], 0, 0, 0, 0, 0, 0, 0, [31], 0, 0, 0, 0, 0, 0, 0, [31], 0, 0, 0, 0, 0, 0, 0, [29], 0, 0, 0, 0, 0, 0, 0, [29], 0, 0, 0, 0, 0, 0, 0, [36], 0, 0, 0, 0, 0, 0, 0, [36], 0, 0, 0, 0, 0, 0, 0, [36], 0, 0, 0, 0, 0, 0, 0, [36], 0, 0, 0, 0, 0, 0, 0, [36], 0, 0, 0, 0, 0, 0, 0, [36], 0, 0, 0, 0, 0, 0, 0, [29], 0, 0, 0, 0, 0, 0, 0, [29], 0, 0, 0, 0, 0, 0, 0, [29], 0, 0, 0, 0, 0, 0, 0, [29], 0, 0, 0, 0, 0, 0, 0, [29], 0, 0, 0, 0, 0, 0, 0, [29], 0, 0, 0, 0, 0, 0, 0, [29], 0, 0, 0, 0, 0, 0, 0, [29], 0, 0, 0, 0, 0, 0, 0, 0, 0, 0, 0, 0, [31], 0, 0, 0, 0, 0, 0, 0, [36], 0, 0, 0, 0, 0, 0, 0, [31], 0, 0, 0, 0, 0, 0, 0, [36], 0, 0, 0, 0, 0, 0, 0, [31], 0, 0, 0, 0, 0, 0, 0, [36], 0, 0, 0, 0, 0, 0, 0, [31], 0, 0, 0, 0, 0, 0, 0, [36], 0, 0]
第12拍, piano_guitar的误差分数为3.7778, 高于临界值0.9912
第12拍, piano_guitar的误差分数为3.7778, 高于临界值0.9912
第12拍, piano_guitar的误差分数为2.7778, 高于临界值0.9912
第28拍, piano_guitar的误差分数为2.7929, 高于临界值0.9912
piano_guitar的输出: [[57, 60, 64], 0, 0, 0, [57, 60, 64], 0, 0, 0, [57, 60, 64], 0, 0, 0, [57, 60, 64], 0, 0, 0, [67], 0, [71], 0, [52, 64, 67], 0, 0, 0, [64], 0, [60], 0, [52], 0, [57], 0, [41], 0, [53], 0, [48, 53], 0, [45], 0, [60], 0, [57], 0, [60], 0, [65], 0, [52], 0, [47], 0, [55], 0, [59], 0, [40, 52], 0, 0, 0, 0, 0, 0, 0, [41], 0, [53, 57, 60], 0, [72], 0, [69], 0, [65], 0, [60], 0, [41], 0, [48, 53], 0, [48], 0, 0, 0, [72], 0, [69], 0, [50], 0, 0, 0, [74], 0, [71], 0, [41, 48, 53], 0, [41, 48, 53], 0, [60, 65, 69], 0, 0, 0, 0, 0, [67], 0, [48, 67], 0, [60], 0, [48], 0, [64], 0, [60], 0, [64], 0, [72], 0, [67], 0, [67], 0, 0, 0, [41], 0, [48], 0, [53], 0, [48], 0, [69], 0, [60], 0, [65], 0, [60], 0, [41], 0, [48], 0, [60], 0, [55], 0, [41], 0, [48], 0, [41], 0, [53], 0, [43], 0, 0, 0, [52], 0, [60, 64], 0, [48, 52], 0, [55], 0, [48, 55, 60, 64], 0, 0, 0, [48, 52, 55, 60], 0, 0, 0, [67], 0, [72], 0, [55], 0, [48], 0, [67, 72], 0, [67], 0]
string的输出: [[69], 0, 0, 0, 0, 0, 0, 0, [76], 0, 0, 0, 0, 0, 0, 0, [59, 64, 67], 0, 0, 0, 0, 0, 0, 0, [64, 69, 72], 0, 0, 0, 0, 0, 0, 0, [60, 65, 69], 0, 0, 0, 0, 0, 0, 0, [64, 65, 69], 0, 0, 0, 0, 0, 0, 0, [59, 64, 67], 0, 0, 0, 0, 0, 0, 0, 0, 0, 0, 0, 0, 0, 0, 0, [65, 69, 72], 0, 0, 0, 0, 0, 0, 0, 0, 0, 0, 0, 0, 0, 0, 0, [69, 72, 77], 0, 0, 0, 0, 0, 0, 0, [71, 74, 79], 0, 0, 0, 0, 0, 0, 0, [69, 72, 77], 0, 0, 0, 0, 0, 0, 0, [72, 76], 0, 0, 0, 0, 0, 0, 0, [72, 76], 0, 0, 0, 0, 0, 0, 0, 0, 0, 0, 0, 0, 0, 0, 0, [65, 81], 0, 0, 0, 0, 0, 0, 0, 0, 0, 0, 0, 0, 0, 0, 0, [65, 81], 0, 0, 0, 0, 0, 0, 0, 0, 0, 0, 0, 0, 0, 0, 0, [76, 79], 0, 0, 0, 0, 0, 0, 0, 0, 0, 0, 0, 0, 0, 0, 0, [76, 79], 0, 0, 0, 0, 0, 0, 0, 0, 0, 0, 0, 0, 0, 0, 0]
加花的输出判定为: [0, 0, 0, 0, 0, 0, 0, 0, 0, 0, 0, 0, 0, 0, 0, 0, 0, 0, 0, 0, 0, 0, 0, 0, 0, 0, 0, 0, 0, 0, 0, 0, 3, 0, 0, 0, 0, 1, 1, 0, 0, 0, 0, 1, 1, 1, 0, 0]
加花已连续生成失败0次
加花的输出判定为: [0, 0, 0, 0, 0, 0, 0, 0, 0, 0, 0, 0, 0, 0, 0, 3, 0, 0, 0, 0, 0, 0, 0, 0, 0, 0, 1, 1, 1, 0, 1, 1, 0, 0, 0, 0, 1, 1, 1, 0, 0, 1, 1, 0, 1, 1, 0, 0]
加花已连续生成失败1次
加花的输出判定为: [0, 0, 0, 0, 0, 0, 0, 0, 0, 1, 1, 1, 0, 0, 0, 0, 0, 2, 0, 0, 0, 0, 0, 0, 0, 0, 2, 2, 2, 0, 0, 0, 2, 0, 0, 0, 0, 2, 2, 0, 2, 0, 0, 0, 2, 0, 0, 0]
加花已连续生成失败2次
加花的输出判定为: [0, 0, 0, 0, 3, 0, 0, 0, 1, 1, 0, 0, 0, 0, 0, 3, 0, 0, 0, 0, 0, 0, 1, 1, 0, 0, 1, 1, 0, 0, 0, 0, 0, 0, 0, 0, 1, 1, 1, 1, 0, 0, 1, 0, 1, 1, 1, 1]
加花的最终输出: [0, 0, 0, 0, 0, 0, 0, 0, 0, 0, 0, 0, 0, 0, 0, 0, 0, 0, 0, 0, 0, 0, 0, 0, 0, 0, 0, 0, 0, 0, 0, 0, 0, 0, 0, 0, [67], 0, 0, 0, 0, 0, 0, 0, 0, 0, 0, 0, 0, 0, 0, 0, 0, 0, 0, 0, 0, 0, 0, 0, 0, 0, 0, 0, [72], 0, [69], 0, [64], 0, [60], 0, [69], 0, [64], 0, [60], 0, [57], 0, 0, 0, 0, 0, 0, 0, 0, 0, 0, 0, 0, 0, 0, 0, 0, 0, 0, 0, 0, 0, 0, 0, 0, 0, 0, 0, 0, 0, 0, 0, 0, 0, 0, 0, 0, 0, 0, 0, 0, 0, 0, 0, 0, 0, [67], 0, 0, 0, 0, 0, 0, 0, 0, 0, 0, 0, 0, 0, 0, 0, 0, 0, 0, 0, 0, 0, 0, 0, 0, 0, 0, 0, 0, 0, 0, 0, 0, 0, 0, 0, 0, 0, 0, 0, 0, 0, 0, 0, 0, 0, 0, 0, 0, 0, 0, 0, 0, 0, 0, 0, 0, 0, 0, 0, [67], [69], 0, [71], [69], 0, [67], 0, 0, 0, 0, 0, 0, 0, 0, 0, 0, 0, 0, 0, 0, 0, 0, 0, 0, 0, 0, 0, [67], 0, [69], 0, [67], 0, 0, 0, [64], 0, 0, 0, 0, 0, 0, 0, 0, 0, 0, 0, 0, 0, 0, 0, 0, 0, 0, 0, 0, 0, 0, 0, 0, 0, 0, 0, 0, 0, 0, 0, 0, 0, 0, 0, 0, 0, 0, 0, 0, 0, 0, 0, 0, 0, 0, 0, 0, 0, 0, 0, 0, 0, 0, 0, 0, 0, 0, 0, 0, 0, 0, 0, 0, 0, 0, 0, 0, 0, 0, 0, [67], 0, [69], 0, [67], 0, 0, 0, [64], 0, 0, 0, [64], 0, 0, 0, [62], 0, 0, 0, [64], 0, 0, 0, [65], 0, 0, 0, 0, 0, 0, 0, 0, 0, 0, 0, 0, 0, 0, 0, 0, 0, 0, 0, [62], [64], 0, [67], [69], [71], 0, [72], 0, 0, 0, 0, 0, 0, 0, 0, [52], 0, [55], 0, [60], 0, [64], 0, [60], 0, [55], 0, [52], 0, [55], 0, [76], 0, [79], 0, [84], 0, [88], 0, [84], 0, [79], 0, [76], 0, [72], 0]
